6.699572262294820567e-05
1.460969836730783955e+00
1.838137641207275408e+00
2.788598148814266597e+00
3.152969743322884710e+00
2.640352340857502700e+00
2.318259412540000675e+00
2.033647013456973518e+00
2.095940676899653354e+00
2.351559471679456781e+00
2.259962877269442671e+00
2.594143062363401864e+00
2.811083556074063239e+00
2.618811583650400898e+00
3.176692429426255959e+00
3.310284734238416071e+00
3.116157944413436187e+00
2.975383651711193345e+00
3.520963814484023402e+00
3.633267878271751350e+00
3.715156763100297521e+00
4.003863433497411251e+00
4.313670559949170702e+00
4.715986080947066839e+00
4.855039196122556078e+00
4.975005878133016424e+00
4.806318214092414998e+00
4.760634076749606258e+00
4.756480377055159359e+00
4.628066972549721214e+00
4.567725156200605596e+00
4.472401293107492570e+00
4.413895177574529427e+00
4.353433027721842485e+00
4.233488792041772086e+00
4.116146824590438236e+00
4.005099446417816900e+00
3.901416048501410216e+00
3.808300116713266625e+00
3.769983316063413081e+00
3.992741646231551922e+00
4.035549771657991336e+00
3.944008447069460299e+00
3.885940990632207104e+00
3.823200716722001680e+00
3.744036316264562902e+00
3.712381572325130996e+00
3.775781376591326843e+00
3.877895444056947305e+00
3.850281952308789446e+00
3.904227422798418168e+00
4.190426516821396774e+00
4.405573044858329013e+00
4.419537267874346753e+00
4.501746390831153910e+00
4.575318374586351489e+00
4.679583751700975291e+00
4.799069332000330590e+00
4.825666383119790126e+00
4.754985658209246679e+00
4.849324063305766153e+00
4.860079576101901111e+00
4.832972671583971369e+00
4.790903432331509393e+00
4.717773809216654790e+00
4.646818615057753732e+00
4.577656957986006248e+00
4.518825844688215909e+00
4.495880057036544919e+00
4.439204867611593386e+00
4.386048114910586548e+00
4.326185720920040723e+00
4.275531536607433125e+00
4.219796174011777978e+00
4.165038647423179086e+00
4.144901997328930499e+00
4.134934067520100065e+00
4.082378463211754571e+00
4.030733173913284340e+00
4.028606164845880855e+00
3.981398729969695349e+00
3.932956560335590268e+00
3.907630857921033041e+00
3.885329743836071881e+00
3.839613150249503448e+00
3.794953334126728528e+00
3.758919937505153186e+00
3.735218665359368639e+00
3.693750366326006507e+00
3.653509038243490270e+00
3.631820737134522581e+00
3.593341982742354723e+00
3.564578252498440403e+00
3.526615196441369005e+00
3.493744111321836598e+00
3.458500692120184183e+00
3.424100217436483184e+00
3.401929046981547522e+00
3.403823537220959317e+00
3.373089407129905126e+00
3.341111969475833110e+00
3.340222544579925401e+00
3.321291984479785686e+00
3.304674375761056826e+00
3.303174392342504984e+00
3.272459882411355991e+00
3.244888626209222693e+00
3.219455306099842318e+00
3.207780500577063876e+00
3.178595275078217153e+00
3.150784570539054918e+00
3.122586073321417910e+00
3.095165312272821101e+00
3.068344185141278935e+00
3.057972687879587426e+00
3.036097644298019649e+00
3.011287244390948636e+00
2.985698577366360240e+00
2.960539041084677692e+00
2.935797964528129800e+00
2.911465026739023632e+00
2.887530242910267386e+00
2.863983949651233818e+00
2.840920849075240895e+00
2.818410371568445427e+00
2.795971511685854782e+00
2.778169120314787133e+00
2.756394326809201267e+00
2.750465217622711567e+00
2.802265963098431456e+00
2.819014002842867406e+00
2.797593529382183419e+00
2.776494660594871267e+00
2.755721518709799422e+00
2.735263729801980404e+00
2.715105350596550338e+00
2.705409582001062407e+00
2.688415295112853265e+00
2.669644906914772520e+00
2.651484865138060698e+00
2.632617234647887994e+00
2.648323923512485578e+00
2.652323371875650260e+00
2.636003586522295272e+00
2.622636323660315849e+00
2.604699394411007507e+00
2.588210502608876862e+00
2.573774860731020908e+00
2.556829060235144890e+00
2.541850733880395286e+00
2.530931171846377836e+00
2.517115746964578182e+00
2.515818459832218412e+00
2.501052739458478058e+00
2.485173536884050627e+00
2.470218483847757440e+00
2.467032464432136418e+00
2.455917212008392969e+00
2.441126404094702274e+00
2.426018662033099460e+00
2.413246317142891506e+00
2.398667481988931094e+00
2.383898110923054148e+00
2.369308050679347133e+00
2.355885156399930569e+00
2.342766481860629302e+00
2.344588116331130401e+00
2.338032568585767468e+00
2.325246724556885525e+00
2.311928870159842386e+00
2.301813528318938928e+00
2.292113291127020336e+00
2.281578798866183977e+00
2.284026113922306589e+00
2.272153904107895084e+00
2.259872487165788257e+00
2.248128211647336450e+00
2.242568727538774453e+00
2.232447737972506285e+00
2.220448548665952870e+00
2.208442308405327292e+00
2.196472614076504293e+00
2.184439572778453353e+00
2.172543338299647520e+00
2.162225909325225182e+00
2.150978762877401973e+00
2.139488870019237154e+00
2.128062600118467262e+00
2.116757306118793647e+00
2.105571081319012272e+00
2.095557784427004577e+00
2.085328768802684252e+00
2.082333168360109177e+00
2.071820208151197384e+00
2.061710938125085768e+00
2.052419523908952659e+00
2.041957858600213616e+00
2.040974082436384673e+00
2.051316368065994933e+00
2.044810566999511359e+00
2.034799041285341836e+00
2.033412378133830245e+00
2.024388662102203362e+00
2.019112948486750270e+00
2.014198671280014619e+00
2.006638110124912444e+00
2.001008661919925657e+00
1.991718711202931757e+00
1.982539688391795840e+00
1.973536081751551485e+00
1.964510110137622556e+00
1.956207752406927902e+00
1.985354921365668046e+00
1.982387442367697705e+00
1.973773548987594495e+00
1.964867001389355217e+00
1.957382545562048159e+00
1.955324159919298088e+00
1.946744553386918986e+00
1.938425899887808779e+00
1.941939160501324979e+00
1.940426676252509308e+00
1.934686054760063723e+00
1.926014521273452296e+00
1.921195483006720162e+00
1.912870247710177996e+00
1.905190556863901596e+00
1.896969975385035756e+00
1.889145172440756637e+00
1.881694356725139849e+00
1.875178385921134394e+00
1.867276883592747572e+00
1.863955199730997769e+00
1.856818934599914206e+00
1.848913822369218307e+00
1.843453819742461253e+00
1.836512811627388775e+00
1.829620127896876003e+00
1.821933403521927231e+00
1.814328714126552722e+00
1.806769328141634823e+00
1.799272642929019339e+00
1.793512480762656569e+00
1.786131553092691338e+00
1.778810948881287990e+00
1.771549933050797998e+00
1.769794529287219920e+00
1.763892476931771647e+00
1.756779156462046299e+00
1.749826548976711083e+00
1.742920140639320437e+00
1.735974957722616452e+00
1.729132015273955103e+00
1.722571259152117618e+00
1.716866275955033494e+00
1.710533679431690546e+00
1.706819446859281664e+00
1.701528106416127839e+00
1.694930885233233875e+00
1.688384482230962158e+00
1.683650838896767254e+00
1.677774295350598965e+00
1.675151796501629597e+00
1.670385967827579865e+00
1.668328625706189117e+00
1.662382703105788950e+00
1.657047771954621052e+00
1.650838701744210324e+00
1.645936244794656833e+00
1.642134073101072733e+00
1.636299208551262874e+00
1.630325127311935685e+00
1.624481253585816631e+00
1.619581555570387410e+00
1.616542448053666314e+00
1.611308497882513624e+00
1.605902049699190037e+00
1.600132791307481650e+00
1.594373238932196957e+00
1.588654891336684249e+00
1.582977309720957848e+00
1.577340058644787435e+00
1.572262733866217399e+00
1.567351030513137733e+00
1.562048684285264999e+00
1.571954970095334136e+00
1.568085936635902122e+00
1.562623511591064496e+00
1.558151866427701648e+00
1.554555674087636508e+00
1.555253895857756641e+00
1.550097267512970500e+00
1.544784651358454886e+00
1.539531715896810038e+00
1.534306106119196267e+00
1.529100857150566872e+00
1.523930718391734107e+00
1.518833264033215613e+00
1.513820518722763131e+00
1.508753305839116932e+00
1.503719771713661890e+00
1.498719559465970352e+00
1.493756725507352501e+00
1.489095712198393429e+00
1.486309503222380757e+00
1.481983497266158523e+00
1.478926462157760691e+00
1.474440598541135516e+00
1.474929300368550855e+00
1.471910989034018069e+00
1.467694218920881699e+00
1.464129352572967280e+00
1.481076176762647245e+00
1.477141740133161907e+00
1.472445982444518631e+00
1.467948642752771260e+00
1.475946323865598764e+00
1.478734428380557464e+00
1.481411775463187031e+00
1.489679289631287595e+00
1.487903626336980256e+00
1.484617397578338327e+00
1.480700085735723093e+00
1.480352613529943184e+00
1.475810102951540026e+00
1.471289170779169764e+00
1.467464537313878381e+00
1.464558904161144204e+00
1.463126360161254080e+00
1.459894075840469707e+00
1.455465576123519122e+00
1.451543199354949687e+00
1.447166463159252459e+00
1.443994250528970014e+00
1.450131295613527493e+00
1.447269980625386587e+00
1.443062635021932438e+00
1.441518754260857182e+00
1.443182234426278576e+00
1.440019030142259737e+00
1.439833600108769041e+00
1.437900995973130147e+00
1.434842578996977869e+00
1.436342244512447852e+00
1.487462136079195973e+00
1.524023863278448854e+00
1.528781355589771795e+00
1.537228860615206472e+00
1.544859797685277814e+00
1.546764097530016757e+00
1.557994889739256594e+00
1.560079905496004615e+00
1.558825970585421716e+00
1.557712500058624716e+00
1.553734661681143603e+00
1.552777217269350363e+00
1.554478012621032024e+00
1.550517712483613364e+00
1.546220849413486143e+00
1.542786844573032834e+00
1.538647116238375467e+00
1.535418065830961964e+00
1.531679463949766173e+00
1.528480249212582853e+00
1.524278251943207207e+00
1.520099255271937233e+00
1.525200180284512763e+00
1.521615221065814261e+00
1.517477470343232104e+00
1.513362106029848331e+00
1.509268947254791771e+00
1.505197815056401822e+00
1.501148532574440697e+00
1.497120924359702343e+00
1.493114817292922503e+00
1.489130039942765382e+00
1.485166422692112409e+00
1.481223797713724144e+00
1.477301999061111593e+00
1.473400862198369188e+00
1.469520224645144202e+00
1.465659925509317008e+00
1.461819805576023201e+00
1.457999707286482982e+00
1.454199474713863127e+00
1.450418953546635858e+00
1.446657991068428517e+00
1.442916436123050872e+00
1.439194139117379256e+00
1.435490951986224450e+00
1.431806728176645782e+00
1.428141322628525556e+00
1.424494591755944839e+00
1.420866393428097618e+00
1.417256586951311181e+00
1.413665033050969466e+00
1.410091593852905500e+00
1.406536132867037159e+00
1.402998514969268085e+00
1.399478606384727986e+00
1.395976274670883477e+00
1.392491388701154742e+00
1.389023818648430719e+00
1.385573435970835154e+00
1.382140113390595948e+00
1.378723724882926716e+00
1.375324145699607259e+00
1.371941252200740369e+00
1.368574922064375921e+00
1.365225034124828207e+00
1.361891468393360061e+00
1.358574106044530883e+00
1.355272829405028912e+00
1.351987521928718516e+00
1.348718068199964204e+00
1.345464353922764866e+00
1.342226265852084044e+00
1.339003691869009138e+00
1.335796520925530251e+00
1.332604642985078414e+00
1.329427949093972661e+00
1.326266331322731862e+00
1.323119682758904903e+00
1.319987897497498119e+00
1.316870870626818180e+00
1.313768498222014358e+00
1.310680677329520094e+00
1.307607305956985044e+00
1.304548283061935932e+00
1.301503508540674758e+00
1.298472883217712592e+00
1.295456308834570747e+00
1.292453688039719717e+00
1.289464924377851096e+00
1.286489922290658727e+00
1.283528587062962245e+00
1.280580824878081669e+00
1.277646542766641469e+00
1.274725648599025929e+00
1.271818051089413482e+00
1.268923659776361124e+00
1.266042385018277150e+00
1.263174137974710121e+00
1.260318830613599950e+00
1.257476375690360859e+00
1.254646686741956563e+00
1.251829678080368158e+00
1.249025264776236099e+00
1.246233362661898436e+00
1.243453888399245866e+00
1.240686759158447172e+00
1.237931893029792896e+00
1.235189208805060446e+00
1.232458625993403833e+00
1.229740064743497285e+00
1.227033445970894032e+00
1.224338691298330506e+00
1.221655722919518183e+00
1.218984463820243391e+00
1.216324837611925114e+00
1.213676768574733167e+00
1.211040181641610092e+00
1.208415002394970239e+00
1.205801157054202433e+00
1.203198572477119699e+00
1.200607176147363786e+00
1.198026896169401168e+00
1.195457661261683402e+00
1.192899400754719119e+00
1.190352044568017575e+00
1.187815523225419501e+00
1.185289767841270825e+00
1.182774710102313387e+00
1.180270282279845206e+00
1.177776417212548665e+00
1.175293048302967769e+00
1.172820109511909958e+00
1.170357535352347877e+00
1.167905260883923990e+00
1.165463221707021768e+00
1.163031353957537872e+00
1.160609594300788139e+00
1.158197879926414320e+00
1.155796148542793444e+00
1.153404338372816085e+00
1.151022388144884445e+00
1.148650237092939452e+00
1.146287824948095668e+00
1.143935091934022097e+00
1.141591978762154680e+00
1.139258426626778009e+00
1.136934377200039537e+00
1.134619772627097678e+00
1.132314555521371391e+00
1.130018668959791084e+00
1.127732056478181200e+00
1.125454662066613043e+00
1.123186430164857308e+00
1.120927305657868134e+00
1.118677233871306020e+00
1.116436160567256586e+00
1.114204031940622119e+00
1.111980794611534318e+00
1.109766395626123892e+00
1.107560782448968828e+00
1.105363902959786149e+00
1.103175705450293531e+00
1.100996138616523679e+00
1.098825151560298918e+00
1.096662693781479847e+00
1.094508715175363633e+00
1.092363166028174293e+00
1.090225997013927861e+00
1.088097159190559493e+00
1.085976604001300139e+00
1.083864283249044824e+00
1.081760149126276493e+00
1.079664154188934244e+00
1.077576251359928960e+00
1.075496393920094995e+00
1.073424535513009648e+00
1.071360630137015324e+00
1.069304632139143063e+00
1.067256496217896533e+00
1.065216177415842624e+00
1.063183631117581074e+00
1.061158813049387195e+00
1.059141679262811442e+00
1.057132186151736652e+00
1.055130290435776885e+00
1.053135949160657781e+00
1.051149119694884337e+00
1.049169759726912510e+00
1.047197827262054126e+00
1.045233280619546790e+00
1.043276078430596110e+00
1.041326179631769433e+00
1.039383543467953031e+00
1.037448129484608961e+00
1.035519897530765343e+00
1.033598807743121295e+00
1.031684820562404070e+00
1.029777896714501706e+00
1.027877997217294448e+00
1.025985083374220785e+00
1.024099116772053009e+00
1.022220059276334192e+00
1.020347873040986286e+00
1.018482520473133590e+00
1.016623964274728342e+00
1.014772167411351900e+00
1.012927093158952907e+00
1.011088704933189808e+00
1.009256966539660905e+00
1.007431842003080114e+00
1.005613295606295976e+00
1.003801291889507175e+00
1.001995795646904996e+00
1.000196771924285244e+00
9.984041860174630578e-01
9.966180035200780107e-01
9.948381901221381440e-01
9.930647119001041467e-01
9.912975351295354454e-01
9.895366263213678515e-01
9.877819522261430674e-01
9.860334798209297036e-01
9.842911763241458667e-01
9.825550091820792753e-01
9.808249460649977047e-01
9.791009548759905812e-01
9.773830037393945736e-01
9.756710664106331699e-01
9.739651006906618891e-01
9.722650806722420436e-01
9.705709754087800123e-01
9.688827541316277214e-01
9.672003862551161735e-01
9.655238414277017567e-01
9.638530895037189516e-01
9.621881005428005729e-01
9.605288448105685495e-01
9.588752927770176626e-01
9.572274151128968844e-01
9.555851826911674340e-01
9.539485665831830552e-01
9.523175380573097870e-01
9.506920685774776780e-01
9.490721298015334373e-01
9.474576935793252996e-01
9.458487319543302796e-01
9.442452171501782843e-01
9.426471215866466524e-01
9.410544178662189063e-01
9.394670787758787611e-01
9.378850772851624606e-01
9.363083865445459564e-01
9.347369798980973421e-01
9.331708308274048180e-01
9.316099130304499321e-01
9.300542003677738645e-01
9.285036668734599763e-01
9.269582867537889959e-01
9.254180343901702299e-01
9.238828843207569363e-01
9.223528112644264754e-01
9.208277901025961887e-01
9.193077958842268416e-01
9.177928038151904611e-01
9.162827892711237210e-01
9.147777277863285983e-01
9.132775950553007061e-01
9.117823669311183599e-01
9.102920194241977958e-01
9.088065287010164139e-01
9.073258710829019691e-01
9.058500230448227608e-01
9.043789612137757006e-01
9.029126623681117403e-01
9.014511034359575792e-01
8.999942614943068353e-01
8.985421137675089209e-01
8.970946376482420437e-01
8.956518106071073015e-01
8.942136103295891258e-01
8.927800146117526037e-01
8.913510014008930726e-01
8.899265487827341392e-01
8.885066349790493589e-01
8.870912383533683387e-01
8.856803374084311065e-01
8.842739108174152429e-01
8.828719372680281507e-01
8.814743957056904167e-01
8.800812651698102229e-01
8.786925248306566294e-01
8.773081539885522195e-01
8.759281320717623442e-01
8.745524386419675222e-01
8.731810533835345778e-01
8.718139561122966175e-01
8.704511267660263174e-01
8.690925467550941752e-01
8.677381937389450073e-01
8.663880491027103892e-01
8.650420937508992436e-01
8.637003080445083691e-01
8.623626719035117905e-01
8.610291676406611749e-01
8.596997743289397365e-01
8.583744762972270737e-01
8.570532500929215480e-01
8.557360789574937066e-01
8.544229669747234190e-01
8.531138731141583165e-01
8.518087564970319159e-01
8.505076213575097910e-01
8.492104496820003234e-01
8.479172230674246746e-01
8.466279237334672914e-01
8.453425347170191451e-01
8.440610365145366778e-01
8.427834124828353923e-01
8.415096448942914753e-01
8.402397165276754842e-01
8.389736098663067576e-01
8.377113079824178854e-01
8.364527934105688844e-01
8.351980493488710966e-01
8.339470589003697976e-01
8.326998053466516669e-01
8.314562718586354650e-01
8.302164419488282654e-01
8.289803090165409616e-01
8.277478366702101242e-01
8.265190184008129881e-01
8.252938380317201839e-01
8.240722797503730046e-01
8.228543272269964737e-01
8.216399646648429034e-01
8.204291762967054202e-01
8.192219666460385241e-01
8.180182851359347751e-01
8.168181249852328740e-01
8.156214765507487918e-01
8.144283244597462224e-01
8.132386534249181897e-01
8.120524482481569217e-01
8.108696938195493198e-01
8.096903751166046881e-01
8.085144772041846783e-01
8.073419852332640589e-01
8.061728844406272909e-01
8.050071601483301809e-01
8.038447977628955243e-01
8.026857827747084784e-01
8.015301007575459380e-01
8.003777373678382379e-01
7.992286783442325016e-01
7.980829095070212098e-01
7.969404167571039199e-01
7.958011860759176548e-01
7.946652035248324975e-01
7.935324552472525772e-01
7.924029274568575865e-01
7.912766064537977151e-01
7.901534786128669996e-01
7.890335303862734406e-01
7.879167483024676066e-01
7.868031189656041757e-01
7.856926290559077541e-01
7.845852653275988686e-01
7.834810146101602868e-01
7.823798638059640265e-01
7.812817998925045693e-01
7.801868099206614726e-01
7.790948810050108975e-01
7.780060005634540365e-01
7.769201554182684211e-01
7.758373331258575645e-01
7.747575210917936328e-01
7.736807067914445168e-01
7.726068777694030665e-01
7.715360216391514703e-01
7.704681260832251244e-01
7.694031788508064462e-01
7.683411677589577771e-01
7.672820806923517090e-01
7.662259056019662395e-01
7.651726305042487741e-01
7.641222434818799591e-01
7.630747326826713417e-01
7.620300863207972730e-01
7.609882926864766084e-01
7.599493400872352478e-01
7.589132169445717002e-01
7.578799117253689488e-01
7.568494129589887764e-01
7.558217092776393642e-01
7.547967892572321480e-01
7.537746416455725074e-01
7.527552552217827708e-01
7.517386188217440868e-01
7.507247213416324838e-01
7.497135517370840940e-01
7.487050990230241787e-01
7.476993522732996444e-01
7.466963006201746689e-01
7.456959332542968388e-01
7.446982394231578262e-01
