6.699572263601430552e-05
2.921787255043580167e+00
2.704126532777416766e-06
5.624329677542014849e+00
1.376697781830423233e-04
4.418857189464819174e-02
1.434485461101487336e-01
1.952720775076644660e-06
2.578195700568836735e+00
9.974860236911003986e-01
1.060538909211135028e+00
5.202056370232872595e+00
1.156013995494880597e-01
0.000000000000000000e+00
1.082109719857317032e+01
1.277516962040321892e-09
0.000000000000000000e+00
5.782431240859623456e-01
1.151079576131633075e+01
3.217153762385252850e-04
5.070133085057766387e+00
5.170632006071084419e+00
5.288335901394243699e+00
7.002132453315267568e+00
3.358151119744370305e+00
6.833404047666951503e-05
1.041631328589161104e-01
3.122494177172686403e+00
1.859177622688772957e-01
1.297513844008766335e-04
1.014108571621194743e-04
4.461497243694694497e-10
2.909317467203249019e-01
1.553730693598072074e-02
2.561112780866980239e-10
0.000000000000000000e+00
0.000000000000000000e+00
0.000000000000000000e+00
6.097644280623831997e-09
5.067391570726615024e-06
1.258327398329308977e+01
2.228688387273024957e-02
2.568781514531391969e-09
1.254411142772714260e+00
3.461292767254206662e-11
1.798502435568274938e-01
8.067942498592917122e-02
6.479391494096324422e+00
2.713507894479464611e+00
1.290787624405759920e-02
4.451353295246865294e+00
1.150570582039386913e+01
9.286804779643251351e+00
7.968207831427115417e-02
7.890233730205048701e+00
3.647716773538415946e+00
1.185835941049185401e-05
1.110838499249411626e+01
9.164522819579428159e-01
3.976667821602871918e-04
8.107856010521279799e+00
3.889077078760988299e-07
2.940882439505695611e+00
5.281477256637143609e-11
1.480617992062824117e-06
0.000000000000000000e+00
4.749615005789488789e-04
0.000000000000000000e+00
2.573332756965550416e+00
1.960162739212037170e-03
1.514308360523885794e-09
9.664844312738091597e-08
2.590453403208978840e-04
1.965465722372017323e-07
0.000000000000000000e+00
2.338096567946031712e+00
3.564089665990234634e-02
0.000000000000000000e+00
5.665694482168772240e-09
2.217323481172162167e-04
1.509081336215378029e-03
5.144027387085653262e-03
1.808345686992536283e+00
0.000000000000000000e+00
0.000000000000000000e+00
1.342263739394030880e-08
6.466934840551737951e-01
6.924008611198293472e-01
0.000000000000000000e+00
9.623747921854955856e-04
1.590369923492228388e+00
0.000000000000000000e+00
0.000000000000000000e+00
0.000000000000000000e+00
0.000000000000000000e+00
1.414601655997915200e-04
8.894779867767328707e-02
3.506795727469471657e-01
3.535837527363547284e-01
8.327579400357883651e-12
1.905071777025428180e-07
5.204862385461235225e-07
1.394017898573548075e+00
9.184000349290960194e-03
1.566114970279996674e-02
1.072654598033135219e-11
9.331549430612584572e-02
0.000000000000000000e+00
2.262727810131919660e-08
0.000000000000000000e+00
0.000000000000000000e+00
0.000000000000000000e+00
6.723847055193819811e-03
3.525154274568166341e-03
2.745349005370751396e-06
2.857782468101840445e-01
0.000000000000000000e+00
0.000000000000000000e+00
0.000000000000000000e+00
0.000000000000000000e+00
0.000000000000000000e+00
0.000000000000000000e+00
0.000000000000000000e+00
0.000000000000000000e+00
0.000000000000000000e+00
0.000000000000000000e+00
9.387184852182162569e-10
0.000000000000000000e+00
2.772666309283001659e-02
8.017629366023740545e+00
0.000000000000000000e+00
0.000000000000000000e+00
0.000000000000000000e+00
0.000000000000000000e+00
2.670411424552074950e-04
0.000000000000000000e+00
1.379454254175411787e+00
7.482865683554855429e-02
1.524876836318571625e-18
0.000000000000000000e+00
0.000000000000000000e+00
4.837989368322142880e+00
6.745987149072187883e-01
1.768572500231661025e-09
2.123404038025140383e-01
0.000000000000000000e+00
1.647227878729305428e-01
3.238162998982784813e-01
1.624494927419008844e-08
9.224110393415863030e-02
8.156224605889257351e-01
2.345019716539448991e-10
1.579085283669266204e-01
2.116701975595486340e-11
0.000000000000000000e+00
1.380064808422429333e-03
2.011881932401000916e-07
3.823210184058548373e-06
1.473913474228437750e-04
2.975998632223332487e-04
2.165280633270142259e-15
0.000000000000000000e+00
0.000000000000000000e+00
0.000000000000000000e+00
7.373808678436843955e-02
7.368036217684409243e-03
3.418111094694568742e-19
1.157112139524154593e+00
0.000000000000000000e+00
0.000000000000000000e+00
0.000000000000000000e+00
5.293776343275032881e-01
4.376644065576787743e-06
1.184663039502622084e+00
1.151696846494110194e-01
4.039270077354361844e-07
1.664741610089066556e-02
2.821470583943320176e-01
5.178464912477471988e-12
1.325868050004062708e-02
0.000000000000000000e+00
5.808150372715575239e-07
0.000000000000000000e+00
1.197073369014767632e-03
2.017940889276753494e-04
4.203577027976866665e-02
0.000000000000000000e+00
0.000000000000000000e+00
0.000000000000000000e+00
3.462750245457896184e-09
2.040197346038977524e-03
3.463125459373132820e-02
5.059897747105687911e-03
7.501867236651989754e-08
5.953794292127859850e-02
5.974813513369862074e-12
1.154438678790297891e-09
1.827710147283904352e+00
9.347187936679917243e-05
1.036460013867375116e-02
7.539232931215540320e-04
1.578465422437730581e+00
7.034991783560337608e-02
0.000000000000000000e+00
2.432251482738206350e-01
4.276039686779951610e-01
4.025677621484819411e-03
3.636243277384254786e-07
0.000000000000000000e+00
0.000000000000000000e+00
3.511383707715893187e-05
8.353913367297380156e-08
7.615021496252545319e+00
4.773576330100805207e-06
6.833560539124175517e-15
0.000000000000000000e+00
6.895939481876221799e-02
4.844095957613175907e-02
8.220542685737018684e-02
2.351925486942690136e-09
2.670378402836363296e+00
1.078381073158241943e+00
0.000000000000000000e+00
0.000000000000000000e+00
3.627597083975127312e-02
4.831761747516531167e-06
1.166913847449300712e-01
5.719241405732118384e-04
3.505455164521796319e-05
2.234390142004205701e-04
1.121831857649998876e-01
1.281095771714643033e-02
1.050585633279532000e-02
0.000000000000000000e+00
0.000000000000000000e+00
8.545496670113290081e-08
1.476126017076625116e-05
0.000000000000000000e+00
0.000000000000000000e+00
0.000000000000000000e+00
0.000000000000000000e+00
9.732792861270680129e-08
0.000000000000000000e+00
0.000000000000000000e+00
0.000000000000000000e+00
0.000000000000000000e+00
1.261226020554940819e+00
0.000000000000000000e+00
0.000000000000000000e+00
2.589934002125556314e-02
0.000000000000000000e+00
0.000000000000000000e+00
2.751628987339270680e-05
6.031863029106855399e-14
2.504981088442965326e-02
9.297418939701621548e-11
1.023469642659949721e-04
0.000000000000000000e+00
0.000000000000000000e+00
0.000000000000000000e+00
4.581532286718800195e-01
2.107022688094443605e-08
2.527635534329291096e-14
1.228328014695239251e-01
5.104506502638133103e-01
2.965973333974387949e-02
0.000000000000000000e+00
0.000000000000000000e+00
9.738966044015376355e-02
2.409247719914666200e-02
0.000000000000000000e+00
3.709302974348552158e-16
3.799289098251602131e-02
1.750126695883517103e-01
3.644375372975321992e-01
9.205727553789746023e-05
5.824319552364665022e-14
2.924436180719320880e-08
0.000000000000000000e+00
0.000000000000000000e+00
0.000000000000000000e+00
0.000000000000000000e+00
0.000000000000000000e+00
1.125445001378708173e-07
5.941824660617738889e-12
4.221877233637383320e+00
5.943793800749080484e-06
0.000000000000000000e+00
8.907149641656740865e-09
4.949956901454968626e-05
1.678807617514193904e-09
1.608449947937425408e-18
0.000000000000000000e+00
3.980807630939066851e-14
1.116147337734734726e-09
5.015665107112344579e-09
3.174653213533590695e-10
5.912646085895683712e-04
2.343302306109273804e-09
0.000000000000000000e+00
9.004285571678120798e-09
0.000000000000000000e+00
1.305673990833215638e-03
7.268329634540475105e-09
1.213741084512471638e-11
9.303913715836088782e-02
2.374184610541360194e-02
2.165116811529511041e-03
6.129173698357462937e-06
6.857212292281037174e-14
2.350873199684967464e-14
3.303386090334524319e-03
1.462519515844176610e+00
1.929514892128407835e-02
8.187208392635438959e-10
2.075564547226442774e-03
8.861870741464509260e-01
1.834607016344994124e+00
2.565628443875739685e-04
2.708691634771700010e-02
8.280022848021135751e-01
3.642596796257779324e-01
2.936070403774640428e-08
3.275018031305880023e-15
1.478796178836977693e-10
3.371204741741555587e-04
6.311154145859375168e-03
9.238542719892075400e-03
8.036358301478477850e-01
0.000000000000000000e+00
1.555922266014300338e-06
0.000000000000000000e+00
0.000000000000000000e+00
2.546947077591877884e-01
3.262637173527380252e+00
5.657657840064803030e-05
1.148929305183566248e-16
5.342625520700526251e-03
1.634493207868624953e+00
1.352679001611817831e-02
7.271627260136556137e-01
6.580865878866825648e-03
1.711276756014854850e-04
2.304260825055417794e-01
1.798217875358628604e+01
7.779870011442446831e+00
2.131441412869484401e-05
4.197461470884781498e+00
1.963293984195361649e-02
3.859589811063153797e-01
6.038454207378998184e-01
1.359160644316459443e+00
6.505357954087607085e-06
9.937211554615893450e-02
4.081344310176072693e-09
1.386084528845712635e-02
1.978797064518954096e+00
0.000000000000000000e+00
6.792726684078663523e-04
0.000000000000000000e+00
3.872516980605662468e-11
3.564526993451683223e-01
4.859410345724744784e-02
3.440401989628157722e-14
0.000000000000000000e+00
0.000000000000000000e+00
9.272044129545238267e-01
0.000000000000000000e+00
0.000000000000000000e+00
2.650845504658028701e-13
0.000000000000000000e+00
0.000000000000000000e+00
0.000000000000000000e+00
7.091919943123166806e-10
0.000000000000000000e+00
0.000000000000000000e+00
0.000000000000000000e+00
0.000000000000000000e+00
0.000000000000000000e+00
0.000000000000000000e+00
0.000000000000000000e+00
0.000000000000000000e+00
0.000000000000000000e+00
0.000000000000000000e+00
0.000000000000000000e+00
0.000000000000000000e+00
0.000000000000000000e+00
0.000000000000000000e+00
0.000000000000000000e+00
0.000000000000000000e+00
0.000000000000000000e+00
0.000000000000000000e+00
0.000000000000000000e+00
0.000000000000000000e+00
0.000000000000000000e+00
0.000000000000000000e+00
0.000000000000000000e+00
0.000000000000000000e+00
0.000000000000000000e+00
0.000000000000000000e+00
1.678213990928388762e-11
0.000000000000000000e+00
0.000000000000000000e+00
9.385952315246551895e-11
2.213893052028068213e-11
0.000000000000000000e+00
0.000000000000000000e+00
1.197540347208257513e-10
0.000000000000000000e+00
0.000000000000000000e+00
0.000000000000000000e+00
0.000000000000000000e+00
0.000000000000000000e+00
0.000000000000000000e+00
1.697512095454518158e-11
0.000000000000000000e+00
1.138384961907266152e-14
0.000000000000000000e+00
5.636898818857011301e-10
0.000000000000000000e+00
0.000000000000000000e+00
0.000000000000000000e+00
0.000000000000000000e+00
0.000000000000000000e+00
0.000000000000000000e+00
0.000000000000000000e+00
0.000000000000000000e+00
0.000000000000000000e+00
0.000000000000000000e+00
0.000000000000000000e+00
0.000000000000000000e+00
0.000000000000000000e+00
0.000000000000000000e+00
0.000000000000000000e+00
3.509903795316826819e-09
0.000000000000000000e+00
0.000000000000000000e+00
0.000000000000000000e+00
0.000000000000000000e+00
0.000000000000000000e+00
1.925636948339077672e-10
0.000000000000000000e+00
0.000000000000000000e+00
0.000000000000000000e+00
0.000000000000000000e+00
3.026858725772527986e-13
0.000000000000000000e+00
0.000000000000000000e+00
0.000000000000000000e+00
3.776886825663862480e-08
0.000000000000000000e+00
0.000000000000000000e+00
1.619890289759674712e-12
0.000000000000000000e+00
0.000000000000000000e+00
0.000000000000000000e+00
0.000000000000000000e+00
0.000000000000000000e+00
0.000000000000000000e+00
0.000000000000000000e+00
0.000000000000000000e+00
2.201453870378772755e-11
0.000000000000000000e+00
0.000000000000000000e+00
0.000000000000000000e+00
0.000000000000000000e+00
0.000000000000000000e+00
0.000000000000000000e+00
0.000000000000000000e+00
0.000000000000000000e+00
0.000000000000000000e+00
0.000000000000000000e+00
0.000000000000000000e+00
0.000000000000000000e+00
0.000000000000000000e+00
0.000000000000000000e+00
1.112076208356187196e-14
0.000000000000000000e+00
0.000000000000000000e+00
0.000000000000000000e+00
0.000000000000000000e+00
0.000000000000000000e+00
0.000000000000000000e+00
0.000000000000000000e+00
0.000000000000000000e+00
0.000000000000000000e+00
6.096504590509530199e-12
0.000000000000000000e+00
0.000000000000000000e+00
0.000000000000000000e+00
0.000000000000000000e+00
0.000000000000000000e+00
0.000000000000000000e+00
0.000000000000000000e+00
0.000000000000000000e+00
0.000000000000000000e+00
0.000000000000000000e+00
0.000000000000000000e+00
0.000000000000000000e+00
0.000000000000000000e+00
2.276830235305750185e-12
0.000000000000000000e+00
0.000000000000000000e+00
0.000000000000000000e+00
0.000000000000000000e+00
2.277397796025813788e-14
0.000000000000000000e+00
0.000000000000000000e+00
0.000000000000000000e+00
0.000000000000000000e+00
0.000000000000000000e+00
0.000000000000000000e+00
0.000000000000000000e+00
0.000000000000000000e+00
0.000000000000000000e+00
3.308023984226205487e-12
0.000000000000000000e+00
0.000000000000000000e+00
0.000000000000000000e+00
0.000000000000000000e+00
0.000000000000000000e+00
0.000000000000000000e+00
0.000000000000000000e+00
0.000000000000000000e+00
0.000000000000000000e+00
0.000000000000000000e+00
1.376571876987636345e-11
4.814409930263555819e-11
0.000000000000000000e+00
0.000000000000000000e+00
0.000000000000000000e+00
0.000000000000000000e+00
0.000000000000000000e+00
0.000000000000000000e+00
9.889501902317711915e-15
0.000000000000000000e+00
0.000000000000000000e+00
7.120701116075932663e-13
0.000000000000000000e+00
0.000000000000000000e+00
4.983148298723903768e-14
0.000000000000000000e+00
2.950082732155735960e-13
0.000000000000000000e+00
0.000000000000000000e+00
0.000000000000000000e+00
0.000000000000000000e+00
1.363074412805314111e-10
0.000000000000000000e+00
0.000000000000000000e+00
0.000000000000000000e+00
0.000000000000000000e+00
7.539283019342947930e-14
0.000000000000000000e+00
0.000000000000000000e+00
0.000000000000000000e+00
0.000000000000000000e+00
0.000000000000000000e+00
0.000000000000000000e+00
2.290694305510715071e-12
2.266160153070617276e-09
0.000000000000000000e+00
0.000000000000000000e+00
0.000000000000000000e+00
2.177326191052658612e-11
8.182987773632454762e-10
0.000000000000000000e+00
0.000000000000000000e+00
0.000000000000000000e+00
0.000000000000000000e+00
0.000000000000000000e+00
0.000000000000000000e+00
3.092428980423503679e-06
4.196411102102215426e-13
0.000000000000000000e+00
1.765002735336307055e-11
1.600925570906113830e-11
3.998311958094605165e-13
0.000000000000000000e+00
0.000000000000000000e+00
0.000000000000000000e+00
0.000000000000000000e+00
0.000000000000000000e+00
0.000000000000000000e+00
0.000000000000000000e+00
9.743327437281894505e-12
0.000000000000000000e+00
0.000000000000000000e+00
0.000000000000000000e+00
0.000000000000000000e+00
0.000000000000000000e+00
0.000000000000000000e+00
0.000000000000000000e+00
0.000000000000000000e+00
0.000000000000000000e+00
0.000000000000000000e+00
0.000000000000000000e+00
7.649615930644532685e-09
0.000000000000000000e+00
3.888887609148676211e-11
0.000000000000000000e+00
0.000000000000000000e+00
0.000000000000000000e+00
5.036944850747858632e-12
0.000000000000000000e+00
0.000000000000000000e+00
0.000000000000000000e+00
0.000000000000000000e+00
0.000000000000000000e+00
0.000000000000000000e+00
0.000000000000000000e+00
0.000000000000000000e+00
0.000000000000000000e+00
0.000000000000000000e+00
0.000000000000000000e+00
0.000000000000000000e+00
0.000000000000000000e+00
0.000000000000000000e+00
0.000000000000000000e+00
0.000000000000000000e+00
1.884583840618802496e-11
0.000000000000000000e+00
2.617522953970530781e-12
0.000000000000000000e+00
0.000000000000000000e+00
0.000000000000000000e+00
0.000000000000000000e+00
4.247904143720628094e-11
0.000000000000000000e+00
2.431630692093658879e-12
2.062134125714939507e-09
2.329028239769181152e-08
4.829116855262723516e-12
0.000000000000000000e+00
1.853379602698873220e-11
5.040453812890925637e-10
8.517022182535960409e-10
0.000000000000000000e+00
9.627626369982244652e-20
6.257323711198663210e-18
0.000000000000000000e+00
0.000000000000000000e+00
8.630766806191314772e-07
0.000000000000000000e+00
0.000000000000000000e+00
0.000000000000000000e+00
1.459519407216889824e-09
0.000000000000000000e+00
7.222129621538782351e-11
0.000000000000000000e+00
1.574639412100238893e-06
2.585560051353775400e-10
2.291055024971672063e-11
1.467335591750806821e-05
9.240769145623728453e-10
9.607330835124270231e-14
1.269493589534798804e-16
0.000000000000000000e+00
0.000000000000000000e+00
0.000000000000000000e+00
1.043494350034326106e-14
0.000000000000000000e+00
0.000000000000000000e+00
4.669245515012397326e-10
2.347096573754996021e-09
0.000000000000000000e+00
2.909994653704436176e-09
1.736867918511931866e-10
4.399099736347753159e-16
6.529407134184517637e-10
0.000000000000000000e+00
1.089028069478932401e-07
0.000000000000000000e+00
5.066641986946187322e-08
0.000000000000000000e+00
4.804453964752152278e-08
4.357639142702300008e-14
1.846165958114923732e-11
5.968645414293592107e-10
3.627635545288158133e-13
4.368838406646041981e-13
1.364500260895580886e-05
3.400836439650830392e-10
0.000000000000000000e+00
0.000000000000000000e+00
0.000000000000000000e+00
0.000000000000000000e+00
0.000000000000000000e+00
7.687760798942207256e-13
0.000000000000000000e+00
0.000000000000000000e+00
0.000000000000000000e+00
0.000000000000000000e+00
0.000000000000000000e+00
0.000000000000000000e+00
0.000000000000000000e+00
0.000000000000000000e+00
2.029322953980712355e-12
0.000000000000000000e+00
0.000000000000000000e+00
0.000000000000000000e+00
0.000000000000000000e+00
0.000000000000000000e+00
4.241950708088762723e-11
6.127632348894111176e-12
0.000000000000000000e+00
0.000000000000000000e+00
0.000000000000000000e+00
0.000000000000000000e+00
0.000000000000000000e+00
0.000000000000000000e+00
0.000000000000000000e+00
0.000000000000000000e+00
0.000000000000000000e+00
0.000000000000000000e+00
0.000000000000000000e+00
0.000000000000000000e+00
0.000000000000000000e+00
0.000000000000000000e+00
1.966376584094492165e-12
0.000000000000000000e+00
0.000000000000000000e+00
0.000000000000000000e+00
0.000000000000000000e+00
3.381615248029726285e-10
0.000000000000000000e+00
0.000000000000000000e+00
0.000000000000000000e+00
0.000000000000000000e+00
0.000000000000000000e+00
0.000000000000000000e+00
0.000000000000000000e+00
4.693538936802538316e-13
0.000000000000000000e+00
0.000000000000000000e+00
0.000000000000000000e+00
2.814312117061707469e-13
0.000000000000000000e+00
0.000000000000000000e+00
7.748345474474753166e-11
0.000000000000000000e+00
0.000000000000000000e+00
0.000000000000000000e+00
0.000000000000000000e+00
7.182380997726149054e-15
0.000000000000000000e+00
0.000000000000000000e+00
0.000000000000000000e+00
1.688386391794699701e-10
0.000000000000000000e+00
