0.000000
1.994475
1.993644
2.129382
2.250123
1.928537
4.190906
1.563211
2.338587
3.406177
1.690003
4.320554
2.611121
5.991224
4.472449
7.049640
3.917712
4.801022
6.224415
4.002317
4.718352
6.206294
7.110028
7.854285
7.459776
9.766131
4.993950
5.041779
2.659670
4.280548
4.383242
8.165527
3.290291
2.594240
3.991292
4.893683
4.825367
5.041201
6.032349
11.177433
7.084406
6.070236
6.946324
8.239365
12.726435
7.595286
1.226560
8.098465
6.404649
2.794617
8.319470
5.127526
4.019499
9.688774
8.159159
9.260918
11.295831
7.737811
2.808031
9.961526
6.979971
3.804983
11.226266
11.142800
5.204101
7.795594
12.533560
11.071965
6.096713
7.156831
10.094379
12.148361
10.915102
8.772306
8.952851
10.672099
10.965467
12.314755
12.912783
11.904692
10.656777
11.043793
11.754999
12.391549
12.708756
13.186549
13.753339
14.013334
13.042026
3.623650
12.938738
14.485784
15.652807
14.836911
5.477731
13.451198
6.162622
7.065405
7.742525
10.870781
11.026155
11.753220
9.527037
9.137813
7.852973
3.195534
13.023237
15.366128
3.642185
11.394895
9.311120
9.183975
9.256665
16.646640
12.039786
5.680491
15.476379
12.343268
10.268440
10.580424
11.311242
8.605998
12.798828
9.777060
13.718892
7.157906
10.230327
11.637101
15.474497
13.565106
4.591945
8.804645
15.986506
17.522497
14.915310
10.961055
16.721706
16.321270
15.374643
15.493441
17.655905
15.002879
16.125804
16.331735
14.623493
15.078302
16.268811
16.127761
16.195898
16.652973
17.065225
17.065901
17.461962
18.886559
8.661952
11.906977
17.619322
11.823387
2.911485
12.256765
18.251806
12.093524
1.493376
14.966374
12.887648
15.593835
9.924498
15.717027
14.234674
10.541680
14.425185
10.754572
14.597790
11.468864
13.551334
12.124556
15.235382
12.489351
14.183260
13.210614
14.684492
15.204802
14.056889
16.608683
14.427671
15.410573
15.089541
15.390952
15.628477
16.108227
16.626400
17.435189
16.833861
16.603224
16.968614
16.684885
14.165089
5.782246
15.389756
3.678419
6.219649
14.608536
3.297155
10.840322
13.423742
17.379438
18.406620
17.090141
16.813199
17.096256
17.088086
17.865827
17.796963
18.278403
18.535481
18.043232
18.886916
18.685755
19.053726
19.080235
19.315891
19.491822
19.666321
19.970456
19.710934
17.270985
17.710119
12.693454
17.384396
16.505864
13.120483
19.363563
20.106298
20.337383
20.241832
20.446040
20.427659
19.052764
20.709682
20.796216
20.994416
20.690673
17.304384
4.381342
16.649178
18.262226
21.292741
18.831755
13.335119
13.852217
16.035364
16.989888
14.535243
14.488341
17.724581
16.617465
15.040992
2.089193
19.225487
21.279143
17.282588
17.887987
19.259782
17.676171
18.197854
21.288792
21.298288
18.376408
2.994914
16.962901
2.947616
17.847863
10.338908
2.746439
5.170808
2.546269
1.737521
1.991001
2.002825
1.985678
3.604736
1.780503
2.292401
4.527433
3.919950
4.241772
6.171279
2.752638
2.885261
1.984235
4.742911
2.166251
3.259021
5.125671
5.083218
6.625446
4.186962
6.342132
4.956934
3.674757
9.151809
6.532993
9.240444
6.715754
4.183166
6.850343
7.686302
5.092073
8.098798
6.665874
8.412356
5.765193
8.289327
10.986996
1.400097
7.717222
3.057525
8.981331
8.276552
12.687413
8.380456
5.341653
9.262855
6.936723
10.629042
8.185838
9.904444
8.682900
9.820073
10.274973
10.459521
10.014292
11.024635
10.928657
8.962589
12.307328
12.233616
12.410748
12.942384
10.259300
11.894654
11.491185
13.091371
13.680040
11.893907
13.895039
3.117408
5.056033
10.200758
10.900712
3.874902
13.369820
2.005314
15.552549
3.692753
16.010074
2.025345
17.037335
8.437621
8.328300
16.900978
1.666605
14.326385
9.202796
14.708053
15.805676
14.774821
16.013025
15.392718
15.716770
15.959079
13.732981
15.057335
11.413576
12.690331
15.798604
13.582651
14.844573
12.981956
14.721797
13.699903
14.630735
14.847145
14.875732
15.259803
15.960649
16.894048
17.638247
17.087755
16.790626
17.052842
17.355604
17.483731
17.867605
18.315316
18.530437
18.751490
18.704165
19.298822
19.546689
19.424687
19.827425
17.268532
1.463827
7.589550
9.305597
9.135690
11.227250
3.232501
3.043145
12.920107
13.208539
13.678451
14.049451
15.050102
15.998240
17.572110
18.185318
5.039168
16.929721
12.627439
11.002980
10.139270
12.903037
13.616730
15.023066
4.435189
19.002595
4.421616
14.986420
12.663484
11.942112
11.631387
12.639521
10.631996
6.913819
6.077164
7.427798
8.829105
16.214602
17.855887
3.427079
19.609714
12.659707
7.221782
20.694417
13.361161
7.300202
4.976888
7.061958
8.774073
15.068455
7.374083
4.908948
10.963498
12.920744
5.761464
19.731102
20.484250
8.789702
19.129646
8.225539
20.434830
9.303834
19.232851
9.913956
18.583863
10.203024
9.478349
22.495466
10.477385
18.336440
13.621504
16.132836
15.007819
17.811077
5.545878
22.395246
5.639153
17.339116
22.414349
16.976452
20.997452
21.484990
16.837247
19.793203
20.024114
20.496830
21.010070
20.650889
22.107827
18.713218
3.822679
8.642322
11.865008
21.840234
21.398921
17.078347
21.306727
22.080108
21.838602
22.402967
17.657917
23.373771
22.824848
22.066648
22.575367
22.251703
22.404456
22.839912
22.826233
23.259537
17.227656
6.899647
18.608773
23.868107
22.765997
21.068377
23.540571
21.564316
21.090173
23.591901
23.993668
18.637181
23.628252
9.976611
12.340660
16.993735
17.420320
15.714109
5.902920
7.150124
3.338063
24.736624
9.799815
9.105061
10.808035
23.570303
8.395960
14.595548
17.035910
19.711404
12.637443
15.602976
18.873207
14.151866
21.580924
15.413657
15.201378
19.596653
20.247648
21.240795
21.005306
21.112949
23.100889
13.886601
20.688126
21.700006
21.870384
23.866060
20.856453
13.528112
22.415774
23.809215
18.962524
23.946414
18.868310
3.066610
19.682587
5.111546
12.016321
13.097828
24.566881
23.740314
20.472395
22.115980
24.610277
23.901183
18.281321
5.285017
17.751989
8.277898
14.163151
10.486742
18.631773
3.425870
9.936480
10.400334
20.022981
3.665930
14.984394
6.563459
11.844937
1.917058
25.609903
0.211735
27.334372
8.457674
17.860718
12.473901
0.514380
2.120146
1.950715
1.996277
2.014190
2.232847
2.095929
2.046473
2.281109
3.332613
3.744869
1.948974
3.810503
1.625355
4.981443
5.404531
4.419537
2.251624
3.905911
7.690084
4.053211
5.162663
3.815672
6.280303
4.895221
4.177972
5.094135
5.916500
7.284783
6.803225
6.721204
6.321513
7.960082
8.829936
6.877431
9.783660
3.128257
8.652423
3.564166
9.252042
3.679128
8.403779
3.014755
11.061822
7.502576
9.748224
9.443340
6.810594
8.595106
9.491765
4.162544
11.472098
2.493464
11.626196
2.228051
10.951977
1.820187
13.606675
2.568769
11.892351
4.545059
9.837471
11.839061
13.224464
5.050270
14.683622
3.694097
14.333767
2.738082
14.686737
5.958103
13.612028
3.880499
7.120831
8.708825
7.699747
16.496106
4.366966
17.742522
5.456864
12.577476
9.048802
11.119745
5.452858
8.947359
11.913933
12.628852
14.513324
13.005605
15.261101
13.809290
13.922573
16.272513
13.540905
8.569236
11.322298
13.814715
7.345231
13.022562
15.259000
15.423933
15.217482
15.572226
4.645147
11.870415
9.479843
9.586662
6.550138
9.679662
5.070497
18.619057
9.189550
9.425790
14.561985
2.081759
17.152374
6.184040
7.104589
16.369158
2.095418
20.493622
8.074465
14.628056
17.966839
3.365900
18.914891
4.314692
15.739637
15.495829
6.870189
4.232677
8.117311
15.043457
17.274779
7.926548
6.301398
16.913090
11.330550
3.780468
19.986002
2.745124
22.930573
2.598451
21.296122
6.452315
15.487389
11.353538
13.162191
18.278593
5.822065
20.149776
8.424341
19.733190
15.968235
13.099806
14.017016
14.367322
19.487181
14.315089
14.796712
19.339641
17.765831
15.042820
15.403194
18.204144
17.368643
17.095501
17.319543
8.905369
19.312863
20.195153
8.061523
9.089558
23.565002
5.394054
18.126270
9.281282
16.423816
7.438697
18.825321
20.028491
19.914456
20.010198
19.857455
19.795631
19.694151
19.903134
21.115146
20.090350
20.572608
20.830638
21.953081
17.685662
8.012589
8.940743
9.767211
13.019992
10.455659
9.710583
11.510048
24.209026
2.696017
21.498784
18.887162
15.329166
12.974240
10.494747
11.123004
23.015684
18.094207
13.944333
11.816318
14.681262
13.650277
13.281981
14.181669
14.674946
15.749466
15.686133
14.258467
22.413371
19.259585
5.221818
13.875673
21.468193
19.081146
3.313292
21.057090
20.749900
5.493373
16.355222
5.089704
20.171456
4.521265
15.358560
7.241246
14.142225
6.764888
15.362502
5.032667
22.617572
17.973863
24.288049
19.284287
6.627508
22.384288
22.823983
22.146630
22.018754
24.397618
22.362399
22.534693
22.732476
22.856744
23.083663
23.270284
23.426456
23.599637
22.281673
23.431111
23.250179
7.626842
19.353007
25.786711
22.102173
23.694650
23.514226
23.100217
22.619183
23.934466
23.819754
24.050999
24.459436
23.947501
24.705682
24.048647
24.600687
24.200841
24.653952
24.759482
24.974171
24.257849
24.934817
25.070324
24.661759
25.814298
10.736473
18.319621
22.571177
4.234932
17.857348
11.130660
25.014347
21.915936
9.555543
18.489930
26.140107
19.251075
24.232140
18.738689
18.509033
23.466451
23.728600
19.568872
19.559772
25.160975
19.091515
25.046437
19.043378
23.801236
24.772228
25.163456
2.737102
24.289250
20.254121
4.248268
27.932318
12.339067
13.850396
8.250482
17.931944
9.530799
13.860541
20.383604
16.554086
6.584343
20.793486
15.854945
9.149193
25.171030
25.271257
25.940894
25.202764
25.529583
26.400328
25.475467
25.543781
27.102219
25.603046
26.735172
25.007656
26.253653
25.264088
27.133906
25.456280
26.035964
25.827866
25.834439
28.472648
2.439098
25.788507
19.094694
7.842145
24.456457
3.746120
25.334667
2.553573
17.514504
8.884343
18.945442
8.633361
5.395754
17.391223
5.448053
25.175913
20.210944
2.840723
28.228074
7.465592
15.556617
2.074388
20.890217
4.486360
6.439994
12.557445
26.399858
0.827242
20.960287
18.596021
17.702274
17.460474
18.995319
21.465456
17.621415
18.543086
19.369322
18.650524
17.945116
18.999299
19.375597
18.659015
18.531527
18.626373
18.768266
19.054145
19.038316
19.400452
19.574639
19.507716
19.936875
20.093999
19.681307
19.747804
20.264162
19.809307
20.586746
20.059218
22.024070
22.095103
21.755739
21.817594
21.983468
19.961795
19.854353
2.996840
18.315167
22.404583
20.794073
19.289940
20.899960
20.679976
20.554307
21.835384
22.114002
21.232430
22.617276
22.448461
22.460668
21.482476
20.048762
20.381395
20.465298
21.233270
21.429927
21.534815
20.960299
21.153980
21.872499
21.451531
21.878549
21.743006
22.664063
21.140380
19.686023
21.360556
21.815473
21.526100
20.041977
22.597858
22.784867
22.824197
23.036483
21.688358
19.869910
21.925001
22.045523
21.445107
22.844692
22.051009
20.266167
20.323643
22.161022
20.621071
22.497511
22.522180
21.764449
21.809151
21.415284
21.679932
22.232514
21.865291
22.143451
22.235373
22.802349
23.215409
22.439714
21.912205
23.045856
23.428932
23.615924
22.432248
20.139488
23.122765
22.720340
20.887877
20.944279
23.280987
23.743719
23.156754
22.230235
22.120995
23.523361
22.299083
15.369725
11.376658
5.632795
18.332915
23.164095
23.480571
22.864629
20.463230
22.254100
23.813167
23.574381
22.461494
3.744424
21.896593
23.821224
21.280548
22.136083
21.595084
20.732268
22.745808
21.685810
23.470220
21.064906
24.087018
24.010827
24.074274
22.751915
24.139374
24.179127
23.667842
24.254509
24.096765
24.354858
24.473549
23.560147
22.915422
23.230690
23.279891
23.407518
23.473953
23.411112
24.581008
24.490813
24.278752
24.478899
24.511032
23.850867
23.495358
24.045493
24.008303
22.971024
13.209072
12.579322
10.996320
5.252065
7.333234
14.960552
11.436326
8.591655
18.147973
24.513563
23.723326
15.179605
15.783412
15.779239
16.288597
17.452217
16.484784
11.245002
8.062643
9.038702
21.731815
23.273699
24.904234
23.820806
24.667213
24.338746
20.625285
22.895963
24.506090
25.097896
25.300737
24.492285
24.916547
24.677151
23.384985
21.560540
24.321775
25.464051
2.424084
24.810994
23.797761
9.850178
11.034203
7.995904
4.888166
5.055122
13.047039
7.418911
9.038184
14.093120
26.331872
0.320831
28.114354
18.390670
24.522682
23.669361
16.957969
26.422770
25.568772
25.899327
26.752515
21.515320
26.842189
19.170420
26.131038
22.322860
20.883943
27.351562
23.596170
23.635029
20.794107
22.761442
20.953840
21.313275
21.221351
21.352081
19.720649
20.057690
20.294563
26.027180
23.084827
21.175923
23.393082
26.279536
27.244339
21.385096
23.587465
23.781900
22.619494
25.602428
21.876586
23.415263
24.218672
24.447221
23.212062
20.900781
23.462263
21.101884
26.130414
24.504805
28.403351
21.543440
26.858934
22.171844
25.426391
24.397164
25.057733
25.035633
25.362108
25.524012
25.494254
25.865385
26.401848
26.045583
24.967193
21.652883
22.218319
21.861659
23.482758
22.408454
22.585246
27.029388
26.036529
26.161457
26.203296
23.221348
27.035051
20.826654
23.066668
29.216637
25.703648
27.072823
27.715971
27.486099
27.403944
27.526122
27.579247
27.698702
27.772742
27.935872
28.194418
27.981532
28.279795
22.837177
24.289336
23.528565
23.076086
23.855954
23.255546
23.357322
23.495121
26.606956
24.279553
28.184693
28.324678
28.212304
28.425768
23.182371
24.203497
28.930222
0.816416
3.521039
5.288031
24.042998
18.226959
7.698205
22.866808
7.595411
22.851784
15.120868
17.157317
17.221684
16.949283
20.070055
7.156797
21.103200
9.983156
17.730977
9.481881
12.459443
2.374628
27.163173
26.877579
17.504875
28.734534
14.757458
12.466450
29.120314
17.954068
17.514454
28.771786
28.390716
29.518061
24.065905
29.459422
27.509346
3.030846
24.410185
29.450762
26.536036
26.592742
27.251602
27.155766
27.804040
26.814183
26.854243
27.948930
26.391038
29.494254
24.320594
19.340452
29.879216
28.812981
21.434811
22.643787
22.135416
28.382210
24.241547
27.437882
27.187672
29.141076
30.066756
29.122979
28.718799
29.105608
28.836010
29.097504
28.928882
29.025629
30.070828
29.237371
24.315900
20.938760
29.276744
27.248938
29.723033
20.572614
24.667997
28.064815
26.731046
27.027674
26.836399
27.668222
28.433625
25.010037
28.087141
19.138826
24.061032
20.558105
30.621788
11.974626
12.206262
28.358454
28.361614
27.638490
28.138723
27.979676
28.674784
29.484221
29.544259
30.336598
30.137424
25.124775
19.434271
30.001142
24.850304
25.586029
25.312486
29.950734
25.758881
29.134282
25.359911
28.280224
30.050604
27.632581
8.054693
15.801873
16.516988
3.031337
26.479906
1.296392
21.144842
4.225848
6.928150
15.704626
9.595668
22.961669
20.500232
20.954062
18.957980
19.863257
21.121965
20.653151
20.300278
20.149796
19.019970
0.948600
22.298630
4.736603
9.941328
8.937986
10.667167
26.162788
9.449015
17.954754
28.430336
26.139035
17.802440
14.435562
25.852473
27.501197
9.019685
20.377553
27.710425
26.928744
23.258956
19.751175
20.799132
21.737236
23.568323
20.385721
23.410698
20.633012
22.934769
20.848832
21.866672
21.125205
23.299921
22.209189
21.605025
23.288482
21.769107
22.235210
22.345327
22.476557
22.844165
25.498898
26.937794
28.918899
27.498727
27.627030
27.783368
3.250265
22.067701
24.952028
22.044077
22.905588
25.586983
9.423552
21.549031
25.836286
23.850734
22.238064
24.593150
25.872052
25.123352
25.813078
24.619392
24.222490
21.913094
23.768051
25.064546
25.253177
24.584020
23.907035
24.053664
24.177536
24.357424
24.504664
24.698375
24.809615
24.743086
24.697677
24.858862
25.141580
25.334059
25.271809
25.560150
24.985834
25.209352
23.277223
22.402382
22.513728
23.973555
22.731407
23.273252
23.389589
23.154497
23.112756
23.368108
23.867723
22.342222
24.190374
23.549353
23.170003
24.242287
24.843628
23.128428
23.582272
24.166657
25.825236
25.426527
25.459924
25.640552
25.168734
25.160914
25.266247
25.444753
25.534138
25.339309
25.492427
25.665463
25.738145
25.756921
25.885373
26.004117
25.862814
25.646024
25.676710
25.730778
25.894158
25.983406
26.085020
22.523444
10.381995
24.480248
26.208660
26.273406
25.363251
15.708643
17.341010
26.375139
25.989581
13.959436
21.472397
15.726812
13.148971
10.697696
11.343899
13.302837
21.094021
15.581246
13.625561
14.162249
15.376531
16.734289
16.756457
17.616501
18.571282
16.308589
22.254338
25.987165
25.849469
23.820374
25.355417
26.633555
26.028701
23.574934
26.095947
26.242841
25.488966
26.843006
26.254127
25.558966
23.659387
26.283894
26.247641
26.924400
26.397888
26.418411
24.728002
25.135365
26.497477
25.577630
25.188213
23.823453
25.975765
26.504418
26.614552
26.568282
25.002831
25.097440
26.465172
26.601381
26.819250
26.717846
26.726462
25.254734
26.611611
25.313159
25.757102
25.524524
25.657734
25.290439
25.667528
26.742183
26.709685
26.832510
26.779239
26.925734
26.696528
26.982783
26.907610
27.096630
26.238849
27.214062
27.059845
27.033708
25.918112
26.711590
25.862257
24.195873
25.347556
24.669153
25.703237
24.316305
25.165041
25.007194
25.269210
26.659160
27.135037
27.313442
26.055683
27.364449
27.180595
26.717067
27.271962
27.300748
27.368174
27.159745
27.628596
25.719900
26.593674
25.911208
26.326207
26.304043
26.346169
27.738035
27.393095
27.444352
27.397132
27.290107
27.654555
27.658676
27.372461
27.340162
27.119437
26.456818
27.329856
27.889387
27.357295
27.960571
27.298048
27.559311
27.269381
27.653664
27.947443
27.944362
27.951624
27.478331
27.508164
27.924516
27.658668
27.946243
28.045619
28.260004
28.063487
28.248117
27.354890
26.527067
27.093872
26.688515
27.536090
27.012589
26.908562
27.740655
27.424084
28.367106
27.710432
27.796515
27.705178
27.806438
27.910754
27.845625
28.500890
28.629188
28.012551
28.222170
28.463620
27.106871
24.158304
9.825233
25.213422
28.221698
28.252201
27.379088
26.275317
27.494219
26.385207
27.024788
26.956454
26.762078
28.449073
28.666996
28.289988
26.259703
27.313035
28.205690
28.583589
27.003637
26.702178
28.329390
28.764091
28.666807
28.761835
28.382509
28.409120
25.310514
28.519044
28.370306
26.766123
21.429418
4.608058
27.430800
28.506621
28.503334
28.201698
27.407032
28.370019
28.687088
27.493069
27.121200
28.137180
27.111138
27.600990
27.982849
27.323233
27.389573
28.669320
28.993304
28.986899
28.685444
27.195680
26.579243
28.810117
29.038869
28.759054
29.096880
29.015065
27.962509
27.468353
29.163784
29.048416
28.476082
28.535873
29.051406
28.810962
29.159234
28.941241
29.283635
29.285453
28.108131
27.656388
27.825727
27.753046
28.413039
29.140929
28.321594
28.128025
29.147726
28.235589
25.547203
28.612969
29.441064
28.596538
28.175743
28.685924
29.487928
29.495083
28.962720
25.619098
28.952100
29.579873
28.153584
28.851463
29.425519
28.237628
28.105572
27.701820
25.643583
28.886976
29.377168
29.356358
28.129996
28.996031
29.570540
25.787819
29.313638
29.762570
29.589532
29.701387
29.784652
29.781071
28.026594
27.526779
29.479533
28.821784
29.110045
29.050195
29.406806
29.543123
29.450347
29.177217
29.281608
29.886152
29.640588
29.307686
28.220407
29.370440
28.795921
28.464050
28.987623
29.452838
29.886722
29.367091
29.380552
29.080333
29.464702
29.932398
30.088373
29.672705
27.889688
27.955100
29.613737
28.106506
28.837645
28.198437
28.601496
28.665392
28.393731
29.158018
28.500273
28.660894
29.814301
29.421829
29.910739
30.070187
30.126118
30.054230
29.917882
30.212421
29.868584
29.793775
25.903092
29.923962
30.160392
28.710090
30.260679
30.139039
29.470101
30.227745
29.778397
30.330708
29.740430
29.788793
30.188294
30.362466
29.797459
23.779039
6.070275
8.044597
19.887078
5.788347
24.157399
26.719698
30.130460
29.983273
29.978032
25.950446
26.550811
26.229533
26.962484
28.143296
28.975935
29.010453
29.371238
29.929961
29.201125
29.484872
30.014753
29.009152
26.340075
29.466087
30.287662
29.585567
29.728362
29.989882
30.184510
26.792077
27.886046
28.710815
26.576385
29.934628
30.496857
28.015596
6.595600
23.062806
2.472021
11.098805
9.635701
9.840970
16.196815
26.830478
29.609260
18.484159
10.923368
5.615134
5.704658
6.822587
20.280952
17.822445
18.624483
7.075654
17.739725
4.104972
25.148458
26.523402
27.736897
27.531960
26.664294
26.562972
28.192406
26.731696
26.657369
26.750891
26.919390
27.761788
26.981696
29.777130
26.645770
29.385594
23.273546
24.768522
24.838632
23.699039
26.480157
27.991804
27.228777
28.986571
26.090941
7.387117
24.480536
27.297427
24.836195
30.050967
23.237287
7.468169
7.635479
11.322005
22.794461
8.593079
9.855374
25.636606
27.279780
28.474496
26.833947
29.954214
28.173496
28.131630
29.762942
29.774380
27.393417
28.594024
17.829026
1.452454
26.718482
27.661703
10.771801
26.767910
28.758572
30.300264
26.169699
24.622460
25.413056
27.641735
26.035973
4.225215
10.292040
28.654551
8.370495
8.908518
4.570484
3.258864
28.326057
25.250007
1.578124
17.243356
30.828742
29.696586
29.942006
30.163977
29.876591
30.033177
29.952983
29.987865
30.440982
30.879933
24.930228
23.592570
21.771233
22.514420
22.274797
22.071392
23.516186
25.982135
30.340295
28.519052
25.037836
24.361135
25.154323
28.627097
30.214220
25.551180
24.220008
30.304652
29.264135
28.845866
29.013377
26.259734
29.257405
26.165359
26.043774
25.526720
26.768036
25.761013
26.220809
26.378686
26.002017
26.248022
26.506485
26.482226
26.639582
27.348034
27.717258
27.220657
26.753446
26.997541
27.590171
29.227274
29.219098
29.715828
29.423031
29.094059
28.035129
29.196889
31.493811
30.844941
30.506848
30.530807
30.600716
31.369138
30.476163
31.162454
27.158184
31.732742
30.547840
30.932405
30.666488
30.758308
30.871130
30.952643
30.818060
31.824200
27.336884
30.802520
27.969079
31.211896
28.769836
31.446514
28.753363
29.245435
29.822686
31.262834
31.052260
31.367288
31.127152
31.116225
31.476252
27.365328
32.145716
29.038904
30.918680
28.851300
28.884720
32.252649
26.323451
6.663217
10.568436
3.104935
27.304536
31.218077
28.910642
28.963014
31.673637
28.417244
31.849108
31.153759
29.889891
29.918632
27.960903
31.461429
28.289161
31.454353
29.029645
29.136391
29.403919
29.319566
31.705041
29.753322
30.573486
31.835613
31.352080
31.396066
32.482558
31.898610
31.769709
30.064408
31.668729
29.986218
28.545562
27.901525
28.022916
28.138191
31.726010
30.369565
30.262319
30.299885
30.378389
30.423797
30.497791
30.562300
30.750433
30.723607
30.701194
30.806597
31.517199
32.060198
30.004252
30.956095
31.015198
31.287898
31.132889
31.192647
32.514247
29.279820
29.801064
29.958928
30.238749
30.480441
30.030947
29.538848
32.148457
32.348867
31.804780
31.443849
30.117341
32.006126
28.470895
32.416765
31.579944
30.323113
31.493286
30.547863
31.449139
29.818826
30.504371
30.551411
30.071620
31.945204
32.289945
31.734159
32.147574
32.089369
31.880927
32.538994
32.113217
33.052479
28.442104
31.551808
31.635480
32.181564
28.574900
28.680724
28.555959
32.638070
32.224815
32.592286
28.856697
29.157917
28.668356
28.780211
29.502667
29.683412
29.038200
32.033405
32.250710
32.331565
29.355719
32.131712
30.077386
32.766493
29.030062
32.473646
29.820936
32.003873
32.260921
31.112771
32.317083
32.865153
32.365868
33.205388
32.308373
31.032459
31.218622
30.501116
29.864841
32.407794
33.430800
31.773658
32.773843
29.140575
32.296778
31.694992
18.166681
18.747727
18.835678
18.911329
19.855105
19.354916
20.343962
32.053472
30.759046
32.202741
33.527876
32.689304
33.077259
32.696993
33.067287
32.714232
33.056864
32.246186
30.388065
30.398790
32.001059
30.555612
30.607466
30.444412
32.173978
32.955031
29.659544
33.050814
32.161844
21.004469
22.917439
20.996410
21.223567
20.510071
21.623564
21.555253
22.078882
22.493990
21.913958
23.505167
25.035734
23.697582
23.612299
29.487405
33.181518
32.682710
33.782885
29.554041
33.196549
30.405255
32.741731
32.581040
20.770307
1.490116
15.922546
4.859514
33.782485
2.551883
25.936156
25.148075
3.129928
29.436941
25.265523
2.995838
14.085652
9.805693
24.146204
2.519334
21.681530
21.567939
22.535348
3.329015
10.377280
13.624055
25.825871
13.879999
12.185491
25.218096
29.223996
32.750823
29.977337
31.441272
32.744054
31.855422
29.929735
21.493870
23.376866
29.689671
33.983736
32.337735
31.460490
30.575588
32.174721
30.422267
32.822561
33.826813
33.104239
33.779214
32.289037
30.750217
30.806168
31.295598
33.363553
33.426013
33.197894
33.144817
33.212670
33.162376
33.220585
33.558234
33.593051
30.067422
23.637780
22.989760
29.996294
33.474933
29.833549
34.277642
22.577994
30.123387
33.755379
29.984451
33.426967
34.009252
34.265242
33.218047
33.837744
34.100140
34.220900
34.176190
33.251701
31.045809
34.548495
34.585145
33.316175
33.448851
33.933459
33.361111
33.931319
32.592154
32.059780
33.104225
30.925749
31.478941
30.474954
33.269189
34.290355
34.316405
34.527242
34.740001
33.121157
31.134893
32.609957
31.258759
31.969507
31.471886
32.003532
30.788493
33.725249
34.338106
33.665324
30.147813
34.042682
34.174529
30.528238
22.518738
9.520966
28.224669
2.520725
23.180153
30.535798
34.024440
19.757515
26.652994
24.969904
33.670398
30.708991
33.691840
34.263175
30.200340
23.704245
34.294029
29.957236
2.511579
14.930494
4.826132
20.220809
33.934995
33.824901
32.826091
31.168208
32.725815
30.303890
34.327639
30.367421
34.735724
8.487529
13.885746
19.547000
33.702311
34.407421
33.621270
31.784569
32.530644
32.465996
32.255957
32.248130
32.994766
34.427934
34.473669
34.523419
34.557244
34.608072
34.067084
34.592876
34.184947
34.942943
34.179551
31.026528
34.757576
18.553085
2.386921
5.413957
8.037455
31.976947
35.008290
30.470204
23.767746
3.339839
30.009756
32.603528
34.716640
24.116369
28.881162
35.061256
31.410904
34.225780
34.970919
34.263387
34.623630
34.949627
34.903541
34.333807
34.637940
34.833195
35.183731
34.431397
34.988026
34.967000
34.996582
35.057826
33.163401
32.875368
35.395301
35.404108
34.520966
34.983029
34.706295
35.052467
34.446893
32.526917
33.196217
33.025374
31.804774
34.408448
35.449927
34.970672
35.445863
35.168646
33.574229
32.197931
35.347942
21.829285
33.599716
34.515326
32.940573
35.354325
35.282568
34.573490
35.327702
35.027391
35.279763
31.250425
34.722295
31.464582
23.665443
35.817581
32.069034
34.308025
33.646406
34.402205
35.800274
34.816850
30.124731
23.430805
24.045789
24.928006
23.711052
32.363209
34.832309
32.992096
34.656435
21.384579
35.358664
31.281780
34.811377
35.460255
35.728635
35.876012
34.801118
31.765033
36.006237
35.529974
34.950426
35.163109
35.098698
35.158817
35.233806
34.987389
35.778102
35.236907
35.590620
35.867935
35.527728
35.173630
35.931108
35.374192
35.352262
35.375344
35.531790
35.179932
35.555124
35.794016
35.290209
35.909711
35.910849
35.599247
35.550946
36.117057
35.415892
35.922389
31.276038
33.980302
32.082552
31.962246
33.162248
33.290155
33.554437
33.317824
32.526948
32.005578
34.877705
36.160335
23.370155
2.534680
20.739497
36.048074
32.353588
35.289898
36.023936
30.806234
35.305453
30.981031
27.751782
25.582005
25.095383
24.323675
23.852045
33.264395
33.356347
36.456701
32.206107
35.418324
36.449266
36.122074
31.580804
35.593471
36.003448
35.956951
36.230514
35.743031
30.302453
27.430972
27.874673
29.880037
36.159395
36.028213
34.646912
33.842028
31.731212
34.698351
32.469204
32.616334
34.123579
35.815207
36.569050
36.109385
34.534543
31.852245
34.393047
34.384861
35.421722
34.224558
34.484433
36.520385
35.203462
5.713719
12.742551
29.884417
2.114777
30.148029
30.203041
14.163267
27.234937
30.409500
29.865156
30.047631
29.813237
27.020425
11.993367
24.581513
13.632518
27.539840
30.430428
29.784072
30.240810
30.370894
29.618412
9.927857
30.516410
30.061123
6.246374
25.437312
16.479192
12.166627
14.815230
21.600014
16.802837
11.513938
12.510454
17.028208
22.712191
21.016711
20.903847
19.195689
20.851578
23.814765
20.213481
19.766202
17.069511
17.033312
5.673650
11.477583
11.151140
2.260162
4.081463
23.365950
27.125556
16.670560
23.091962
30.836701
10.203919
11.730874
30.833722
27.388687
29.684305
27.718174
30.033376
27.448400
30.865149
28.207233
28.828815
30.400806
31.139406
29.854563
29.028109
28.584244
27.899547
31.431257
28.429489
27.681822
27.230964
27.236857
27.563374
27.768827
27.299705
29.191241
28.129370
28.974320
28.275294
28.674041
30.038323
27.975709
29.863020
28.693172
28.996287
28.136234
29.186257
28.292511
28.079460
28.398327
28.516264
28.583010
28.650253
28.787453
29.191661
28.387480
30.140138
30.159258
28.900759
27.832792
28.640812
28.043885
27.822301
27.963881
28.372253
28.881337
29.365399
29.378113
30.027918
29.359767
29.928558
29.401923
30.548328
28.280457
31.472126
30.504496
31.239646
30.330534
31.467569
28.110153
31.652104
31.351597
30.424038
30.999779
30.500592
31.406089
31.045570
30.689024
31.546619
29.531103
29.531374
30.878774
28.004292
30.244171
28.483489
31.760177
30.929681
31.406366
31.254819
29.646299
30.029645
29.670368
29.596856
31.734654
28.611794
31.490183
29.386298
30.670064
11.035983
12.363364
30.804293
31.081739
12.022254
27.922282
30.453798
30.719310
29.957935
30.412084
31.019201
30.499204
27.636639
14.903567
18.366366
19.200821
14.741352
19.174088
20.293062
17.582773
21.589953
21.627848
13.105891
24.231496
17.000406
22.702629
18.329434
18.346740
22.842766
21.392998
14.170111
17.854630
23.034835
23.325747
28.212320
30.574721
31.101605
31.053170
30.140862
30.969817
29.998408
31.194148
30.651827
30.515468
30.981368
30.495842
30.831572
30.816385
30.163839
30.641921
30.262846
30.667101
30.669426
30.910750
30.516450
30.956575
30.997406
30.854462
31.069107
31.114253
30.762496
31.349162
31.391213
30.583978
30.932971
30.084380
30.095399
30.167000
30.690644
30.266328
31.154989
31.168618
31.269885
30.841726
30.726861
30.728951
31.015128
31.057924
31.115410
31.287613
31.208026
30.923960
31.096942
31.226845
31.315011
30.637309
30.151143
31.506686
31.122221
31.196484
30.797771
30.446708
31.489921
31.490878
31.306739
30.484797
29.770147
31.545149
28.626546
10.998066
27.988615
31.107166
31.565350
30.637593
30.511048
31.431786
30.354851
30.680700
31.096977
31.337247
30.740751
30.628710
30.699998
31.551056
31.241205
31.460098
31.319242
31.534153
31.406973
31.524079
31.560701
31.142612
30.743089
31.601712
31.714808
31.725498
31.581274
31.571459
31.676483
31.601588
31.503703
31.762414
31.678708
31.829741
31.685515
30.348454
30.546318
31.964565
31.668340
31.728128
31.874902
31.282294
31.954988
31.621309
30.625808
31.963607
31.886726
30.734032
30.671202
31.921176
31.765614
31.008747
27.545083
30.600770
32.077122
31.876804
28.654915
31.273287
31.442841
31.119446
31.174947
31.398139
31.377097
31.619869
31.237716
