2.000000000000000000e+00
2.000000000000000000e+00
2.000000000000000000e+00
1.968685000000000018e+00
2.000000000000000000e+00
1.999001000000000028e+00
2.000000000000000000e+00
2.000000000000000000e+00
1.997128999999999932e+00
1.996712999999999960e+00
1.994957000000000091e+00
1.980758999999999936e+00
1.996059000000000028e+00
1.943176999999999932e+00
1.999379000000000017e+00
2.000000000000000000e+00
1.984769000000000005e+00
1.668353999999999893e+00
1.903742999999999963e+00
1.764628000000000085e+00
1.999238000000000071e+00
1.693141999999999925e+00
1.895453999999999972e+00
1.722002000000000033e+00
2.000000000000000000e+00
1.853939000000000004e+00
1.518796999999999953e+00
1.709154000000000062e+00
1.447341999999999906e+00
1.773406000000000038e+00
1.999157999999999991e+00
1.927137000000000100e+00
1.966123999999999983e+00
1.845863000000000032e+00
1.814596000000000098e+00
1.537098999999999993e+00
1.501716999999999969e+00
1.499187999999999965e+00
1.838529000000000080e+00
1.909005999999999981e+00
1.394543000000000088e+00
1.823234000000000021e+00
1.925195999999999907e+00
1.859317000000000109e+00
1.636203000000000074e+00
1.747689999999999966e+00
1.784237999999999991e+00
1.414220000000000033e+00
1.932487000000000066e+00
1.495096999999999898e+00
1.806926999999999950e+00
1.757732000000000072e+00
1.785768999999999940e+00
1.791169000000000011e+00
1.386983999999999995e+00
1.661094000000000070e+00
1.180279999999999996e+00
1.248113000000000028e+00
1.758232000000000017e+00
1.737122000000000055e+00
1.912938999999999945e+00
1.784974000000000061e+00
1.957265999999999950e+00
2.000000000000000000e+00
1.689685000000000104e+00
1.731265000000000054e+00
1.641192999999999902e+00
1.701810999999999963e+00
1.527957000000000010e+00
1.419748000000000010e+00
1.679299000000000097e+00
1.841102999999999934e+00
1.822221000000000091e+00
1.462188999999999961e+00
1.475602999999999998e+00
1.653550000000000075e+00
1.998291999999999957e+00
1.482942999999999900e+00
1.437801000000000107e+00
1.855865000000000098e+00
1.598357000000000028e+00
1.266040000000000054e+00
1.991808000000000023e+00
1.125858000000000025e+00
1.469451000000000063e+00
1.550910999999999929e+00
1.391259999999999941e+00
1.946730000000000071e+00
1.146287000000000056e+00
1.766054000000000013e+00
1.663072000000000106e+00
1.695208000000000048e+00
1.453367999999999993e+00
1.100001999999999924e+00
1.416746000000000061e+00
9.876690000000000191e-01
1.890325000000000033e+00
1.280459999999999932e+00
1.480078999999999922e+00
1.247058000000000000e+00
1.558184999999999931e+00
1.560256000000000087e+00
1.709983000000000031e+00
9.728649999999999798e-01
1.681794999999999929e+00
1.512775999999999899e+00
1.303936999999999902e+00
1.481104999999999894e+00
1.693732999999999933e+00
1.019578000000000095e+00
7.675539999999999585e-01
1.352298000000000000e+00
1.337220999999999993e+00
1.955772000000000066e+00
1.370489000000000068e+00
1.365286000000000000e+00
1.732201000000000102e+00
1.151996999999999938e+00
1.189257999999999926e+00
1.995584000000000024e+00
1.136052000000000062e+00
1.055979000000000001e+00
1.170439000000000007e+00
1.636398000000000019e+00
1.853420000000000067e+00
1.202698999999999963e+00
1.025220999999999938e+00
1.762291000000000052e+00
1.356398999999999910e+00
1.426363000000000048e+00
1.394597000000000087e+00
1.568764000000000047e+00
1.933176999999999923e+00
1.662330000000000085e+00
1.871912999999999938e+00
1.152795999999999932e+00
1.066176999999999930e+00
1.358840000000000048e+00
1.967751999999999946e+00
1.054057999999999939e+00
1.197402000000000077e+00
1.996469999999999967e+00
1.417467000000000033e+00
1.730919000000000096e+00
5.707100000000000506e-01
1.296137000000000095e+00
1.056880999999999959e+00
1.481881999999999922e+00
1.446376000000000106e+00
1.322359999999999980e+00
1.081380999999999926e+00
1.468456999999999901e+00
1.240803000000000100e+00
1.072284000000000015e+00
1.142355999999999927e+00
1.605310999999999932e+00
1.791339999999999932e+00
8.640330000000000510e-01
1.180887000000000020e+00
1.286844000000000099e+00
1.313506999999999980e+00
1.474984999999999991e+00
1.252526999999999946e+00
1.391178000000000026e+00
1.299932000000000087e+00
1.212123000000000062e+00
1.131383000000000028e+00
6.373499999999999721e-01
1.228104000000000084e+00
1.427548000000000039e+00
1.375159999999999938e+00
1.377062000000000008e+00
7.535290000000000044e-01
1.560216999999999965e+00
1.135853000000000002e+00
1.305731999999999893e+00
1.776558000000000082e+00
1.388886999999999983e+00
8.781099999999999461e-01
1.369148999999999949e+00
1.313339000000000034e+00
1.237130000000000063e+00
9.490800000000000347e-01
1.236523999999999957e+00
1.833673000000000108e+00
1.407820000000000071e+00
1.467462000000000044e+00
1.739984999999999893e+00
1.168976000000000015e+00
1.130746000000000029e+00
1.144092000000000109e+00
1.201940000000000008e+00
1.077088000000000045e+00
1.131820999999999966e+00
1.434369999999999923e+00
8.189180000000000348e-01
1.257851000000000052e+00
1.704047000000000089e+00
1.184992000000000045e+00
1.193360999999999894e+00
9.553169999999999717e-01
1.117215000000000069e+00
1.269568999999999948e+00
1.213964000000000043e+00
8.387459999999999916e-01
1.598003000000000062e+00
1.118581000000000047e+00
1.724741999999999997e+00
1.862807000000000102e+00
1.906522000000000050e+00
1.125240000000000018e+00
1.204644000000000048e+00
1.996040999999999954e+00
9.590429999999999788e-01
9.262869999999999715e-01
1.107739000000000029e+00
7.376650000000000151e-01
1.432317999999999980e+00
1.185183000000000098e+00
8.448459999999999859e-01
1.034906000000000104e+00
1.684765000000000068e+00
1.996736000000000066e+00
8.864319999999999977e-01
1.998564000000000007e+00
1.914087000000000094e+00
1.146352000000000038e+00
1.930352000000000068e+00
1.341591999999999896e+00
9.708240000000000203e-01
1.152250999999999914e+00
1.962358000000000047e+00
9.539410000000000389e-01
1.657840999999999898e+00
1.713851000000000013e+00
8.387179999999999636e-01
1.996566999999999981e+00
1.252717000000000080e+00
9.980900000000000327e-01
1.821166999999999980e+00
1.825545999999999891e+00
9.727510000000000323e-01
1.138594000000000106e+00
1.035701999999999900e+00
6.557589999999999808e-01
9.419009999999999883e-01
1.024275999999999964e+00
1.946611000000000091e+00
7.277019999999999600e-01
7.898180000000000200e-01
7.792200000000000237e-01
1.502053000000000083e+00
8.609369999999999523e-01
9.220199999999999507e-01
1.874454999999999982e+00
1.308070999999999984e+00
1.159872000000000014e+00
1.426252999999999993e+00
1.274119999999999919e+00
1.294777999999999984e+00
9.450049999999999839e-01
1.176163999999999987e+00
1.032348999999999961e+00
8.572779999999999845e-01
1.591652000000000067e+00
1.353413999999999895e+00
1.270518000000000036e+00
8.754619999999999624e-01
1.940509999999999957e+00
1.181494999999999962e+00
7.336570000000000036e-01
1.411925000000000097e+00
1.563120999999999983e+00
1.006539999999999990e+00
8.607010000000000494e-01
1.004361000000000059e+00
9.600290000000000212e-01
1.198963999999999919e+00
1.152190000000000047e+00
7.891319999999999446e-01
9.844159999999999577e-01
8.151990000000000069e-01
1.380093999999999932e+00
1.150204000000000004e+00
1.161939999999999973e+00
1.004933999999999994e+00
1.293449999999999989e+00
8.391779999999999795e-01
1.645758000000000054e+00
9.033079999999999998e-01
1.139720000000000066e+00
7.821000000000000174e-01
8.541069999999999496e-01
1.989003999999999994e+00
6.463849999999999874e-01
9.854859999999999731e-01
7.502410000000000467e-01
8.878779999999999450e-01
7.185190000000000188e-01
9.425850000000000062e-01
7.442569999999999464e-01
1.693670000000000009e+00
1.242718999999999907e+00
1.007349000000000050e+00
1.173812999999999995e+00
8.334510000000000529e-01
1.311590999999999951e+00
1.349067000000000016e+00
1.112481000000000053e+00
1.626505000000000090e+00
8.757399999999999629e-01
7.355429999999999469e-01
1.550837000000000021e+00
1.849348999999999910e+00
1.033457000000000070e+00
1.170800999999999981e+00
1.648255999999999943e+00
1.647834999999999939e+00
8.319379999999999553e-01
1.004215000000000080e+00
8.665659999999999474e-01
1.696851000000000109e+00
1.093426000000000009e+00
1.299280999999999908e+00
1.071750999999999898e+00
1.197807999999999984e+00
1.151340000000000030e+00
7.928070000000000395e-01
8.564030000000000253e-01
6.941380000000000328e-01
6.607210000000000027e-01
1.409734000000000043e+00
1.758820000000000050e+00
1.920207999999999915e+00
6.566549999999999887e-01
7.657490000000000130e-01
8.973619999999999930e-01
1.869261999999999979e+00
6.519920000000000160e-01
1.608640000000000070e+00
6.570049999999999502e-01
5.429110000000000325e-01
7.620329999999999604e-01
7.916239999999999943e-01
8.071899999999999631e-01
1.789914000000000005e+00
7.156059999999999643e-01
7.422870000000000301e-01
7.167660000000000142e-01
1.535795000000000021e+00
1.108897000000000022e+00
1.008891999999999900e+00
1.614973999999999910e+00
9.174639999999999462e-01
1.150271000000000043e+00
1.712541000000000091e+00
1.723429000000000100e+00
1.642919000000000018e+00
5.802119999999999500e-01
6.581829999999999625e-01
1.580384000000000011e+00
9.739189999999999792e-01
5.980609999999999538e-01
1.408484000000000069e+00
7.342039999999999678e-01
1.561974999999999891e+00
7.171319999999999917e-01
7.631829999999999448e-01
7.710120000000000307e-01
7.422360000000000069e-01
6.606279999999999930e-01
9.357149999999999634e-01
8.105909999999999505e-01
8.267849999999999921e-01
7.460029999999999717e-01
9.690189999999999637e-01
1.028995000000000104e+00
8.219980000000000064e-01
7.902329999999999632e-01
9.779390000000000027e-01
7.696290000000000076e-01
7.872270000000000101e-01
6.632179999999999742e-01
8.046510000000000051e-01
1.683035999999999976e+00
6.116939999999999600e-01
1.269471999999999934e+00
6.170769999999999866e-01
9.062649999999999872e-01
8.279090000000000060e-01
6.712280000000000468e-01
4.863390000000000213e-01
5.382980000000000542e-01
1.002772999999999914e+00
9.461260000000000225e-01
1.024288000000000087e+00
1.376292999999999989e+00
8.167710000000000248e-01
9.018749999999999822e-01
6.589040000000000452e-01
8.392279999999999740e-01
7.013200000000000545e-01
1.874668000000000001e+00
7.065759999999999819e-01
1.419289000000000023e+00
1.036006999999999900e+00
1.816891999999999951e+00
5.907149999999999901e-01
6.007320000000000437e-01
6.159050000000000358e-01
5.625980000000000425e-01
6.073699999999999655e-01
7.560259999999999758e-01
6.117120000000000335e-01
9.290169999999999817e-01
7.970669999999999700e-01
1.145966000000000040e+00
1.296821999999999919e+00
4.409399999999999986e-01
5.455769999999999786e-01
9.035849999999999715e-01
6.499369999999999870e-01
1.148342999999999892e+00
1.876381000000000077e+00
8.395169999999999577e-01
5.177610000000000268e-01
1.588543999999999956e+00
5.498220000000000329e-01
8.169370000000000243e-01
1.578229000000000104e+00
5.826339999999999852e-01
1.440207999999999933e+00
1.109499999999999931e+00
1.405030999999999919e+00
9.047309999999999519e-01
7.474349999999999605e-01
3.570349999999999913e-01
1.170738999999999974e+00
5.513419999999999987e-01
6.366669999999999829e-01
6.724729999999999874e-01
1.041239000000000026e+00
6.507939999999999836e-01
6.725729999999999764e-01
5.900440000000000129e-01
5.938240000000000185e-01
5.929740000000000011e-01
7.766330000000000178e-01
7.238419999999999854e-01
6.874470000000000303e-01
5.813589999999999591e-01
6.873129999999999518e-01
6.238299999999999956e-01
5.335619999999999807e-01
1.723715000000000108e+00
1.058589999999999920e+00
1.390621000000000107e+00
1.511398999999999937e+00
7.802160000000000206e-01
1.460606999999999989e+00
1.060607999999999995e+00
1.086076000000000041e+00
8.421220000000000372e-01
6.434210000000000207e-01
4.697089999999999876e-01
1.688852999999999938e+00
1.260216000000000003e+00
1.052009999999999890e+00
1.623585999999999974e+00
5.321620000000000239e-01
6.703919999999999879e-01
5.045370000000000132e-01
1.475484000000000018e+00
5.909940000000000193e-01
1.941173999999999955e+00
1.996118000000000059e+00
9.996669999999999723e-01
6.044749999999999845e-01
1.691403999999999908e+00
7.844820000000000126e-01
9.493049999999999544e-01
5.203370000000000495e-01
7.847399999999999931e-01
1.670983000000000107e+00
4.632089999999999819e-01
4.536800000000000277e-01
4.234470000000000178e-01
1.925723000000000074e+00
1.999999000000000082e+00
1.979311000000000043e+00
5.567720000000000447e-01
1.385909999999999975e+00
1.878352999999999939e+00
1.583590999999999971e+00
5.994850000000000456e-01
6.620430000000000481e-01
1.781002999999999892e+00
1.875564000000000009e+00
1.414010999999999907e+00
8.683269999999999600e-01
5.701089999999999769e-01
4.983270000000000199e-01
1.132150999999999907e+00
1.736560000000000104e+00
5.891790000000000083e-01
1.998874999999999957e+00
5.868480000000000363e-01
1.240291999999999950e+00
9.356750000000000345e-01
9.161390000000000366e-01
8.377170000000000449e-01
8.595190000000000330e-01
8.756540000000000434e-01
4.757080000000000197e-01
1.875771000000000077e+00
6.829990000000000228e-01
1.076206999999999914e+00
1.920158000000000031e+00
4.510430000000000272e-01
1.755357000000000056e+00
8.285709999999999464e-01
1.445168999999999926e+00
1.616672000000000109e+00
1.583388999999999935e+00
8.075290000000000523e-01
1.579441000000000095e+00
5.297760000000000247e-01
7.322039999999999660e-01
5.758640000000000425e-01
6.598899999999999766e-01
5.339920000000000222e-01
4.156449999999999867e-01
5.953349999999999476e-01
5.717689999999999717e-01
1.609199000000000046e+00
1.091161999999999965e+00
1.833873000000000086e+00
8.761900000000000244e-01
3.792510000000000048e-01
6.665240000000000054e-01
1.489143000000000105e+00
8.771379999999999733e-01
1.287101999999999968e+00
4.459609999999999963e-01
9.848419999999999952e-01
1.345882999999999940e+00
9.050409999999999844e-01
4.872460000000000124e-01
1.049574000000000007e+00
1.229252000000000011e+00
1.795768000000000031e+00
4.126619999999999733e-01
6.932730000000000281e-01
9.461990000000000123e-01
9.327630000000000088e-01
1.445210000000000106e+00
1.342379999999999907e+00
5.042600000000000415e-01
5.999229999999999841e-01
1.490037999999999974e+00
6.003070000000000350e-01
1.087342999999999948e+00
1.378009000000000039e+00
9.177159999999999762e-01
8.046780000000000044e-01
1.216887999999999970e+00
5.241500000000000048e-01
7.465519999999999934e-01
3.886800000000000255e-01
1.620155000000000012e+00
4.238899999999999890e-01
9.904340000000000366e-01
4.775269999999999793e-01
1.653759999999999897e+00
4.655819999999999959e-01
1.778987000000000096e+00
1.949156000000000111e+00
4.865010000000000168e-01
8.990259999999999918e-01
7.798840000000000217e-01
8.058459999999999512e-01
1.017336000000000018e+00
1.173975999999999908e+00
1.302580000000000071e+00
1.095142000000000060e+00
5.387709999999999999e-01
5.103689999999999616e-01
5.820269999999999611e-01
5.030940000000000412e-01
6.715140000000000553e-01
5.083199999999999941e-01
1.435591999999999979e+00
1.354070000000000107e+00
1.116635000000000044e+00
9.744169999999999776e-01
1.010734000000000021e+00
8.099480000000000013e-01
9.138870000000000049e-01
8.943280000000000118e-01
6.325420000000000487e-01
5.594949999999999646e-01
1.013932999999999973e+00
1.340011999999999981e+00
1.523848000000000091e+00
6.062159999999999771e-01
5.895380000000000065e-01
6.544590000000000130e-01
4.640679999999999805e-01
1.531306999999999974e+00
1.054478000000000026e+00
1.431743999999999906e+00
5.825989999999999780e-01
9.178250000000000020e-01
1.470873000000000097e+00
1.743324000000000096e+00
3.723139999999999783e-01
5.090729999999999977e-01
4.285740000000000105e-01
1.368565999999999949e+00
4.731179999999999830e-01
6.897929999999999895e-01
3.776760000000000117e-01
5.396320000000000006e-01
5.410920000000000174e-01
5.091360000000000330e-01
7.062720000000000109e-01
1.179502999999999968e+00
4.638090000000000268e-01
1.308864000000000027e+00
8.565739999999999466e-01
5.530300000000000216e-01
6.714170000000000416e-01
1.433138999999999941e+00
5.140120000000000244e-01
6.401090000000000391e-01
9.976190000000000335e-01
4.508260000000000045e-01
8.259520000000000195e-01
9.869740000000000180e-01
6.359010000000000495e-01
1.521870999999999974e+00
3.649479999999999946e-01
1.075096999999999969e+00
5.525679999999999481e-01
3.751189999999999802e-01
6.024589999999999668e-01
4.159309999999999952e-01
5.868480000000000363e-01
4.855090000000000239e-01
3.766180000000000083e-01
8.703109999999999458e-01
1.129099999999999993e+00
8.641950000000000465e-01
5.454649999999999777e-01
1.454485000000000028e+00
1.769422999999999968e+00
6.839779999999999749e-01
9.298110000000000541e-01
4.658550000000000191e-01
1.853251999999999899e+00
4.095199999999999951e-01
5.065269999999999495e-01
6.956710000000000393e-01
4.506149999999999878e-01
4.220970000000000000e-01
4.998779999999999890e-01
5.352869999999999573e-01
6.018390000000000128e-01
4.093970000000000109e-01
5.843409999999999993e-01
5.054939999999999989e-01
1.601714000000000082e+00
1.147192999999999907e+00
4.192960000000000020e-01
1.168894000000000100e+00
4.423429999999999862e-01
1.887922000000000100e+00
6.711080000000000378e-01
4.283319999999999905e-01
1.686304999999999943e+00
5.952720000000000233e-01
6.018750000000000488e-01
1.752005999999999952e+00
3.331330000000000124e-01
7.696460000000000523e-01
6.819469999999999699e-01
3.951299999999999812e-01
1.646241999999999983e+00
9.890679999999999472e-01
1.738637999999999906e+00
1.571701999999999932e+00
3.763440000000000119e-01
1.588530999999999915e+00
9.506820000000000270e-01
1.146126999999999896e+00
3.667889999999999762e-01
1.935062999999999978e+00
4.229299999999999726e-01
1.822100999999999971e+00
5.107990000000000030e-01
9.706930000000000280e-01
1.694074999999999998e+00
8.049450000000000216e-01
1.985219999999999985e+00
1.275668999999999942e+00
1.369113999999999942e+00
4.029829999999999801e-01
1.072537000000000074e+00
1.600718000000000085e+00
4.196150000000000158e-01
6.014410000000000034e-01
8.663560000000000150e-01
1.549161000000000010e+00
6.440719999999999779e-01
7.284350000000000547e-01
1.156994000000000078e+00
4.572590000000000265e-01
3.126439999999999775e-01
1.464188999999999963e+00
7.621189999999999909e-01
1.399245999999999990e+00
7.544849999999999612e-01
1.488588999999999940e+00
1.216336000000000084e+00
3.208030000000000048e-01
5.428619999999999557e-01
1.523743000000000070e+00
1.025946999999999942e+00
6.888959999999999528e-01
6.727819999999999911e-01
1.024699999999999944e+00
7.073239999999999528e-01
5.244520000000000293e-01
1.437208000000000041e+00
5.062339999999999618e-01
1.343830999999999998e+00
5.820450000000000346e-01
1.722336000000000089e+00
5.874030000000000085e-01
4.323870000000000213e-01
3.623959999999999959e-01
5.505729999999999791e-01
3.846359999999999779e-01
5.934800000000000075e-01
4.573579999999999868e-01
3.764819999999999833e-01
5.022619999999999862e-01
8.531060000000000310e-01
8.190479999999999983e-01
5.043370000000000353e-01
4.333099999999999730e-01
4.510939999999999950e-01
5.119059999999999722e-01
4.513360000000000150e-01
3.778520000000000212e-01
4.961679999999999979e-01
6.106510000000000549e-01
4.829140000000000099e-01
5.141510000000000247e-01
5.165549999999999864e-01
6.703620000000000134e-01
3.930850000000000177e-01
4.360319999999999752e-01
4.457880000000000176e-01
5.223440000000000305e-01
5.495809999999999862e-01
3.840580000000000105e-01
4.439609999999999945e-01
3.468220000000000192e-01
1.445165999999999951e+00
5.973730000000000429e-01
1.070886999999999922e+00
1.340305999999999997e+00
7.294199999999999573e-01
1.196244000000000085e+00
4.834490000000000176e-01
6.723069999999999879e-01
3.188739999999999908e-01
4.481959999999999833e-01
3.831120000000000081e-01
4.489779999999999882e-01
5.865810000000000191e-01
1.131966999999999945e+00
1.400150999999999923e+00
1.078403000000000000e+00
8.913280000000000092e-01
4.056049999999999933e-01
1.337199000000000026e+00
5.671530000000000182e-01
8.360549999999999926e-01
8.036729999999999707e-01
1.397604000000000068e+00
8.213559999999999750e-01
1.793101999999999974e+00
5.522719999999999851e-01
2.932029999999999914e-01
1.333533999999999997e+00
1.181511999999999896e+00
5.659220000000000361e-01
1.410150000000000015e+00
5.702369999999999939e-01
8.850200000000000289e-01
5.197230000000000461e-01
7.959910000000000041e-01
5.086840000000000250e-01
1.872651000000000066e+00
2.694489999999999941e-01
5.951189999999999536e-01
1.945651000000000019e+00
3.833019999999999761e-01
4.931829999999999825e-01
1.542329000000000061e+00
4.345410000000000106e-01
2.995340000000000225e-01
1.726534000000000013e+00
3.180939999999999879e-01
4.339569999999999816e-01
9.848799999999999777e-01
1.596219999999999972e+00
2.868919999999999804e-01
1.448817999999999939e+00
3.383550000000000169e-01
1.277946000000000026e+00
1.714989000000000097e+00
1.200954000000000077e+00
1.386546000000000056e+00
3.134609999999999896e-01
1.432412000000000019e+00
4.349129999999999940e-01
3.750399999999999845e-01
3.667670000000000097e-01
1.894959999999999978e+00
6.731310000000000349e-01
4.080139999999999878e-01
1.625963999999999965e+00
1.520199000000000078e+00
1.953661000000000092e+00
4.644639999999999880e-01
1.583007000000000053e+00
4.342159999999999909e-01
8.076680000000000526e-01
4.208100000000000174e-01
3.381560000000000121e-01
4.894540000000000002e-01
1.859061000000000075e+00
4.076699999999999768e-01
1.442947999999999897e+00
1.468679999999999986e+00
6.140419999999999767e-01
2.000000000000000000e+00
2.000000000000000000e+00
2.000000000000000000e+00
2.000000000000000000e+00
1.995873999999999926e+00
1.989727000000000023e+00
2.000000000000000000e+00
2.000000000000000000e+00
1.999903999999999904e+00
1.997702000000000089e+00
2.000000000000000000e+00
2.000000000000000000e+00
1.999554999999999971e+00
1.997698999999999891e+00
1.717495999999999912e+00
1.682922999999999947e+00
1.846270999999999995e+00
1.677192999999999934e+00
1.997516000000000069e+00
1.976768000000000081e+00
1.972601999999999967e+00
1.656379000000000046e+00
1.972896999999999901e+00
1.954406000000000088e+00
1.743705000000000060e+00
1.983297000000000088e+00
1.728523999999999949e+00
1.608721999999999985e+00
1.786497999999999919e+00
1.987557999999999936e+00
1.744016999999999928e+00
1.489414999999999933e+00
1.976849999999999996e+00
1.925008000000000052e+00
1.353912999999999922e+00
1.833908000000000094e+00
1.985638999999999932e+00
1.253883999999999999e+00
1.954712000000000005e+00
1.672517000000000031e+00
1.524898000000000087e+00
1.689848000000000017e+00
1.844108000000000080e+00
1.564988000000000046e+00
1.304421999999999970e+00
1.435618999999999978e+00
1.549503999999999992e+00
1.803941999999999934e+00
1.793420000000000014e+00
1.995430000000000037e+00
1.747465999999999964e+00
1.636811999999999934e+00
1.399405999999999928e+00
1.584357999999999933e+00
1.282869000000000037e+00
1.172174999999999967e+00
1.997376999999999958e+00
1.626562999999999981e+00
1.799131999999999953e+00
1.929891999999999941e+00
1.102978999999999932e+00
1.478453000000000017e+00
1.726326000000000027e+00
1.562210000000000099e+00
1.533055000000000057e+00
1.536270000000000024e+00
1.816899999999999959e+00
1.145836999999999994e+00
1.289803000000000033e+00
1.750594999999999901e+00
1.554364999999999997e+00
1.260032999999999959e+00
1.567795999999999967e+00
1.540443999999999924e+00
1.387347000000000108e+00
1.224156000000000022e+00
1.087576000000000098e+00
1.390690999999999899e+00
1.886336999999999930e+00
1.401670999999999889e+00
1.610924000000000023e+00
1.451200999999999963e+00
1.743374999999999897e+00
1.636147999999999936e+00
1.543044000000000082e+00
1.982405999999999890e+00
1.792742999999999975e+00
1.738161999999999985e+00
1.894365999999999994e+00
1.654622999999999955e+00
1.489689000000000041e+00
1.605347999999999997e+00
1.218847999999999931e+00
1.312454999999999927e+00
1.269805000000000073e+00
1.564704000000000095e+00
1.174252000000000073e+00
9.105640000000000400e-01
1.315466000000000024e+00
1.354047999999999918e+00
1.354278000000000093e+00
1.990275999999999934e+00
1.734866000000000019e+00
1.821866999999999903e+00
1.308445000000000080e+00
1.849301000000000084e+00
1.756377999999999995e+00
1.379005000000000036e+00
8.406620000000000203e-01
1.031320999999999932e+00
1.551577999999999902e+00
1.572063999999999906e+00
1.848308999999999980e+00
1.615836999999999968e+00
1.500801999999999969e+00
1.162811000000000039e+00
1.648938999999999933e+00
1.930970000000000075e+00
1.094128999999999907e+00
1.835871999999999948e+00
1.434396999999999922e+00
1.429615999999999998e+00
1.067312999999999956e+00
1.214145000000000030e+00
1.309979999999999922e+00
9.840240000000000098e-01
1.345290000000000097e+00
1.141110000000000069e+00
1.159202000000000066e+00
7.224570000000000158e-01
1.089815999999999896e+00
1.958641000000000076e+00
9.285679999999999490e-01
1.473705000000000043e+00
1.995894999999999975e+00
1.581625999999999976e+00
5.736250000000000515e-01
1.840905999999999931e+00
1.037238000000000104e+00
1.253484000000000043e+00
1.235341999999999940e+00
1.102157000000000053e+00
1.624811000000000005e+00
1.188196000000000030e+00
1.117336000000000107e+00
1.209036999999999917e+00
1.079228000000000076e+00
1.029549000000000047e+00
1.931877000000000066e+00
1.113682000000000061e+00
1.021584000000000048e+00
1.012772000000000006e+00
