9.998679999999999790e-01 0.000000000000000000e+00 0.000000000000000000e+00
9.998620000000000285e-01 0.000000000000000000e+00 0.000000000000000000e+00
9.998500000000000165e-01 0.000000000000000000e+00 0.000000000000000000e+00
9.998470000000000413e-01 0.000000000000000000e+00 0.000000000000000000e+00
9.998340000000000005e-01 0.000000000000000000e+00 0.000000000000000000e+00
9.998529999999999918e-01 0.000000000000000000e+00 0.000000000000000000e+00
9.998070000000000013e-01 0.000000000000000000e+00 1.659999999999999963e-04
9.998650000000000038e-01 0.000000000000000000e+00 0.000000000000000000e+00
9.997899999999999565e-01 5.000000000000000409e-06 0.000000000000000000e+00
9.998099999999999765e-01 9.000000000000000228e-06 0.000000000000000000e+00
9.997989999999999933e-01 4.000000000000000327e-05 0.000000000000000000e+00
9.998629999999999463e-01 0.000000000000000000e+00 0.000000000000000000e+00
9.998070000000000013e-01 0.000000000000000000e+00 2.199999999999999943e-05
9.998110000000000053e-01 0.000000000000000000e+00 4.899999999999999842e-05
9.998529999999999918e-01 0.000000000000000000e+00 3.000000000000000076e-06
9.998709999999999543e-01 0.000000000000000000e+00 0.000000000000000000e+00
9.997840000000000060e-01 2.199999999999999943e-05 0.000000000000000000e+00
9.998399999999999510e-01 0.000000000000000000e+00 0.000000000000000000e+00
9.998179999999999845e-01 0.000000000000000000e+00 0.000000000000000000e+00
9.998559999999999670e-01 0.000000000000000000e+00 0.000000000000000000e+00
9.998209999999999598e-01 0.000000000000000000e+00 3.199999999999999855e-05
9.998040000000000260e-01 0.000000000000000000e+00 3.000000000000000076e-06
9.998519999999999630e-01 0.000000000000000000e+00 0.000000000000000000e+00
9.998040000000000260e-01 2.420000000000000005e-04 0.000000000000000000e+00
9.998420000000000085e-01 3.000000000000000076e-06 0.000000000000000000e+00
9.998390000000000333e-01 1.999999999999999909e-06 0.000000000000000000e+00
9.998289999999999678e-01 0.000000000000000000e+00 0.000000000000000000e+00
9.998340000000000005e-01 0.000000000000000000e+00 0.000000000000000000e+00
9.998449999999999838e-01 0.000000000000000000e+00 3.000000000000000076e-06
9.998139999999999805e-01 0.000000000000000000e+00 6.350000000000000392e-04
9.998409999999999798e-01 0.000000000000000000e+00 0.000000000000000000e+00
9.998629999999999463e-01 0.000000000000000000e+00 0.000000000000000000e+00
9.998010000000000508e-01 9.899999999999999404e-05 0.000000000000000000e+00
9.997899999999999565e-01 6.299999999999999990e-05 0.000000000000000000e+00
9.997770000000000268e-01 9.799999999999999684e-05 0.000000000000000000e+00
9.998200000000000420e-01 7.999999999999999638e-06 0.000000000000000000e+00
9.998110000000000053e-01 3.800000000000000209e-05 0.000000000000000000e+00
9.998010000000000508e-01 3.899999999999999929e-04 0.000000000000000000e+00
9.997979999999999645e-01 1.999999999999999909e-06 0.000000000000000000e+00
9.998399999999999510e-01 0.000000000000000000e+00 0.000000000000000000e+00
9.998660000000000325e-01 0.000000000000000000e+00 0.000000000000000000e+00
9.998639999999999750e-01 0.000000000000000000e+00 0.000000000000000000e+00
9.998139999999999805e-01 0.000000000000000000e+00 0.000000000000000000e+00
9.998639999999999750e-01 0.000000000000000000e+00 0.000000000000000000e+00
9.998599999999999710e-01 0.000000000000000000e+00 0.000000000000000000e+00
9.998390000000000333e-01 0.000000000000000000e+00 0.000000000000000000e+00
9.998639999999999750e-01 0.000000000000000000e+00 0.000000000000000000e+00
9.998470000000000413e-01 0.000000000000000000e+00 0.000000000000000000e+00
9.998120000000000340e-01 0.000000000000000000e+00 1.299999999999999920e-05
9.997740000000000515e-01 0.000000000000000000e+00 2.410000000000000033e-04
9.998479999999999590e-01 0.000000000000000000e+00 0.000000000000000000e+00
9.998110000000000053e-01 0.000000000000000000e+00 0.000000000000000000e+00
9.998719999999999830e-01 0.000000000000000000e+00 0.000000000000000000e+00
9.998529999999999918e-01 0.000000000000000000e+00 0.000000000000000000e+00
9.998120000000000340e-01 0.000000000000000000e+00 1.679999999999999907e-04
9.998050000000000548e-01 0.000000000000000000e+00 3.699999999999999811e-05
9.998599999999999710e-01 0.000000000000000000e+00 0.000000000000000000e+00
9.998650000000000038e-01 0.000000000000000000e+00 0.000000000000000000e+00
9.998650000000000038e-01 0.000000000000000000e+00 0.000000000000000000e+00
9.997840000000000060e-01 0.000000000000000000e+00 0.000000000000000000e+00
9.998709999999999543e-01 0.000000000000000000e+00 0.000000000000000000e+00
9.998430000000000373e-01 0.000000000000000000e+00 0.000000000000000000e+00
9.996559999999999890e-01 1.569999999999999944e-04 0.000000000000000000e+00
9.998559999999999670e-01 0.000000000000000000e+00 0.000000000000000000e+00
9.998359999999999470e-01 0.000000000000000000e+00 0.000000000000000000e+00
9.997709999999999653e-01 5.000000000000000409e-06 0.000000000000000000e+00
9.998470000000000413e-01 1.999999999999999909e-06 0.000000000000000000e+00
9.998590000000000533e-01 0.000000000000000000e+00 0.000000000000000000e+00
9.998709999999999543e-01 0.000000000000000000e+00 0.000000000000000000e+00
9.998679999999999790e-01 0.000000000000000000e+00 0.000000000000000000e+00
9.998270000000000213e-01 0.000000000000000000e+00 9.100000000000000287e-05
9.998280000000000500e-01 0.000000000000000000e+00 6.099999999999999872e-05
9.998129999999999518e-01 0.000000000000000000e+00 2.599999999999999840e-05
9.998310000000000253e-01 0.000000000000000000e+00 0.000000000000000000e+00
9.998430000000000373e-01 5.000000000000000409e-06 0.000000000000000000e+00
9.997439999999999660e-01 3.882000000000000034e-03 0.000000000000000000e+00
9.998129999999999518e-01 6.000000000000000152e-06 0.000000000000000000e+00
9.998340000000000005e-01 0.000000000000000000e+00 0.000000000000000000e+00
9.998179999999999845e-01 0.000000000000000000e+00 4.130000000000000099e-04
9.998219999999999885e-01 0.000000000000000000e+00 1.720000000000000066e-04
9.998580000000000245e-01 0.000000000000000000e+00 0.000000000000000000e+00
9.997110000000000163e-01 6.733000000000000269e-03 0.000000000000000000e+00
9.998609999999999998e-01 0.000000000000000000e+00 0.000000000000000000e+00
9.998350000000000293e-01 0.000000000000000000e+00 3.000000000000000076e-05
9.998550000000000493e-01 0.000000000000000000e+00 0.000000000000000000e+00
9.998460000000000125e-01 9.999999999999999547e-07 0.000000000000000000e+00
9.997650000000000148e-01 1.147999999999999932e-03 0.000000000000000000e+00
9.998489999999999878e-01 0.000000000000000000e+00 0.000000000000000000e+00
9.998569999999999958e-01 0.000000000000000000e+00 9.999999999999999547e-07
9.998190000000000133e-01 0.000000000000000000e+00 2.079999999999999872e-04
9.998059999999999725e-01 0.000000000000000000e+00 9.950000000000000077e-04
9.998639999999999750e-01 0.000000000000000000e+00 0.000000000000000000e+00
9.998639999999999750e-01 0.000000000000000000e+00 0.000000000000000000e+00
9.998629999999999463e-01 0.000000000000000000e+00 0.000000000000000000e+00
9.998500000000000165e-01 0.000000000000000000e+00 0.000000000000000000e+00
9.997899999999999565e-01 6.459999999999999814e-04 0.000000000000000000e+00
9.998390000000000333e-01 5.000000000000000409e-06 0.000000000000000000e+00
9.998289999999999678e-01 9.999999999999999547e-07 0.000000000000000000e+00
9.998719999999999830e-01 0.000000000000000000e+00 0.000000000000000000e+00
9.998550000000000493e-01 0.000000000000000000e+00 9.999999999999999547e-07
9.998080000000000300e-01 0.000000000000000000e+00 5.519999999999999733e-04
9.998340000000000005e-01 0.000000000000000000e+00 8.000000000000000654e-05
9.998590000000000533e-01 0.000000000000000000e+00 0.000000000000000000e+00
9.997759999999999980e-01 1.397000000000000021e-03 0.000000000000000000e+00
9.998150000000000093e-01 1.160000000000000007e-04 0.000000000000000000e+00
9.998510000000000453e-01 0.000000000000000000e+00 0.000000000000000000e+00
9.998350000000000293e-01 0.000000000000000000e+00 5.800000000000000034e-05
9.998380000000000045e-01 0.000000000000000000e+00 6.999999999999999895e-06
9.998629999999999463e-01 0.000000000000000000e+00 0.000000000000000000e+00
9.998580000000000245e-01 0.000000000000000000e+00 0.000000000000000000e+00
9.998690000000000078e-01 0.000000000000000000e+00 0.000000000000000000e+00
9.998420000000000085e-01 0.000000000000000000e+00 0.000000000000000000e+00
9.997470000000000523e-01 0.000000000000000000e+00 7.081999999999999754e-03
9.998460000000000125e-01 0.000000000000000000e+00 3.000000000000000076e-06
9.998590000000000533e-01 0.000000000000000000e+00 0.000000000000000000e+00
9.998500000000000165e-01 0.000000000000000000e+00 0.000000000000000000e+00
9.998380000000000045e-01 0.000000000000000000e+00 0.000000000000000000e+00
9.998129999999999518e-01 0.000000000000000000e+00 1.810000000000000085e-04
9.996530000000000138e-01 0.000000000000000000e+00 1.337600000000000074e-02
9.998460000000000125e-01 0.000000000000000000e+00 0.000000000000000000e+00
9.998719999999999830e-01 0.000000000000000000e+00 0.000000000000000000e+00
9.998599999999999710e-01 0.000000000000000000e+00 0.000000000000000000e+00
9.997800000000000020e-01 6.740000000000000114e-04 0.000000000000000000e+00
9.997610000000000108e-01 1.203999999999999992e-03 0.000000000000000000e+00
9.998669999999999503e-01 0.000000000000000000e+00 0.000000000000000000e+00
9.998169999999999558e-01 0.000000000000000000e+00 1.789999999999999870e-04
9.997709999999999653e-01 0.000000000000000000e+00 2.879000000000000049e-03
9.998470000000000413e-01 0.000000000000000000e+00 0.000000000000000000e+00
9.998029999999999973e-01 2.030000000000000012e-04 0.000000000000000000e+00
9.997949999999999893e-01 5.900000000000000296e-04 0.000000000000000000e+00
9.997989999999999933e-01 2.210000000000000050e-04 0.000000000000000000e+00
9.997179999999999955e-01 1.861000000000000024e-03 0.000000000000000000e+00
9.998350000000000293e-01 1.200000000000000030e-05 0.000000000000000000e+00
9.997639999999999860e-01 6.000000000000000152e-06 0.000000000000000000e+00
9.998169999999999558e-01 1.019999999999999992e-04 0.000000000000000000e+00
9.997850000000000348e-01 5.500000000000000196e-05 0.000000000000000000e+00
9.998089999999999478e-01 1.029999999999999964e-04 0.000000000000000000e+00
9.997219999999999995e-01 1.740000000000000010e-04 0.000000000000000000e+00
9.998510000000000453e-01 9.999999999999999547e-07 0.000000000000000000e+00
9.998609999999999998e-01 0.000000000000000000e+00 0.000000000000000000e+00
9.996199999999999530e-01 0.000000000000000000e+00 1.157599999999999948e-02
9.997880000000000100e-01 0.000000000000000000e+00 1.348999999999999939e-03
9.998650000000000038e-01 0.000000000000000000e+00 0.000000000000000000e+00
9.998599999999999710e-01 0.000000000000000000e+00 0.000000000000000000e+00
9.998390000000000333e-01 0.000000000000000000e+00 0.000000000000000000e+00
9.998380000000000045e-01 9.999999999999999547e-07 0.000000000000000000e+00
9.997660000000000435e-01 1.036000000000000029e-03 0.000000000000000000e+00
9.998289999999999678e-01 2.799999999999999958e-05 0.000000000000000000e+00
9.998609999999999998e-01 0.000000000000000000e+00 0.000000000000000000e+00
9.998310000000000253e-01 0.000000000000000000e+00 2.500000000000000120e-05
9.998500000000000165e-01 0.000000000000000000e+00 3.999999999999999819e-06
9.998609999999999998e-01 0.000000000000000000e+00 0.000000000000000000e+00
9.998660000000000325e-01 0.000000000000000000e+00 0.000000000000000000e+00
9.998669999999999503e-01 0.000000000000000000e+00 0.000000000000000000e+00
9.997819999999999485e-01 0.000000000000000000e+00 0.000000000000000000e+00
9.998150000000000093e-01 0.000000000000000000e+00 3.999999999999999819e-06
9.998550000000000493e-01 0.000000000000000000e+00 0.000000000000000000e+00
9.998700000000000365e-01 0.000000000000000000e+00 0.000000000000000000e+00
9.998590000000000533e-01 0.000000000000000000e+00 0.000000000000000000e+00
9.998599999999999710e-01 0.000000000000000000e+00 0.000000000000000000e+00
9.998660000000000325e-01 0.000000000000000000e+00 0.000000000000000000e+00
9.998660000000000325e-01 0.000000000000000000e+00 0.000000000000000000e+00
9.998540000000000205e-01 0.000000000000000000e+00 9.999999999999999547e-07
9.998399999999999510e-01 0.000000000000000000e+00 3.100000000000000135e-05
9.998230000000000173e-01 0.000000000000000000e+00 9.999999999999999547e-07
9.998449999999999838e-01 0.000000000000000000e+00 5.000000000000000409e-06
9.998510000000000453e-01 0.000000000000000000e+00 0.000000000000000000e+00
9.998599999999999710e-01 0.000000000000000000e+00 0.000000000000000000e+00
9.998399999999999510e-01 0.000000000000000000e+00 0.000000000000000000e+00
9.998010000000000508e-01 0.000000000000000000e+00 0.000000000000000000e+00
9.998540000000000205e-01 0.000000000000000000e+00 0.000000000000000000e+00
9.998449999999999838e-01 9.999999999999999547e-07 0.000000000000000000e+00
9.997890000000000388e-01 1.450000000000000009e-04 0.000000000000000000e+00
9.998240000000000460e-01 3.499999999999999693e-05 0.000000000000000000e+00
9.997930000000000428e-01 4.000000000000000327e-05 0.000000000000000000e+00
9.997489999999999988e-01 8.540000000000000499e-04 0.000000000000000000e+00
9.998089999999999478e-01 1.999999999999999909e-06 0.000000000000000000e+00
9.998609999999999998e-01 0.000000000000000000e+00 0.000000000000000000e+00
9.997840000000000060e-01 0.000000000000000000e+00 0.000000000000000000e+00
9.998050000000000548e-01 0.000000000000000000e+00 9.909999999999999105e-04
9.998310000000000253e-01 0.000000000000000000e+00 1.279999999999999942e-04
9.998660000000000325e-01 0.000000000000000000e+00 0.000000000000000000e+00
9.998190000000000133e-01 2.599999999999999840e-05 0.000000000000000000e+00
9.997120000000000450e-01 1.971000000000000096e-03 0.000000000000000000e+00
9.997669999999999613e-01 6.489999999999999459e-04 0.000000000000000000e+00
9.997369999999999868e-01 9.849999999999999815e-04 0.000000000000000000e+00
9.996920000000000250e-01 8.831999999999999573e-03 0.000000000000000000e+00
9.998179999999999845e-01 4.699999999999999724e-05 0.000000000000000000e+00
9.998120000000000340e-01 6.799999999999999946e-05 0.000000000000000000e+00
9.998190000000000133e-01 2.000000000000000164e-05 0.000000000000000000e+00
9.997930000000000428e-01 1.720000000000000066e-04 0.000000000000000000e+00
9.998129999999999518e-01 6.099999999999999872e-05 0.000000000000000000e+00
9.998150000000000093e-01 3.999999999999999819e-06 0.000000000000000000e+00
9.998449999999999838e-01 0.000000000000000000e+00 0.000000000000000000e+00
9.998639999999999750e-01 0.000000000000000000e+00 0.000000000000000000e+00
9.998439999999999550e-01 0.000000000000000000e+00 1.200000000000000030e-05
9.996639999999999970e-01 0.000000000000000000e+00 1.306299999999999996e-02
9.998280000000000500e-01 0.000000000000000000e+00 1.019999999999999992e-04
9.998709999999999543e-01 0.000000000000000000e+00 0.000000000000000000e+00
9.998540000000000205e-01 0.000000000000000000e+00 0.000000000000000000e+00
9.998569999999999958e-01 0.000000000000000000e+00 0.000000000000000000e+00
9.998540000000000205e-01 0.000000000000000000e+00 9.999999999999999547e-07
9.998460000000000125e-01 0.000000000000000000e+00 1.299999999999999920e-05
9.998259999999999925e-01 0.000000000000000000e+00 1.310000000000000129e-04
9.998519999999999630e-01 0.000000000000000000e+00 0.000000000000000000e+00
9.998000000000000220e-01 2.280000000000000126e-04 0.000000000000000000e+00
9.996950000000000003e-01 8.854000000000000759e-03 0.000000000000000000e+00
9.998179999999999845e-01 0.000000000000000000e+00 0.000000000000000000e+00
9.998010000000000508e-01 0.000000000000000000e+00 9.999999999999999547e-07
9.998580000000000245e-01 0.000000000000000000e+00 9.999999999999999547e-07
9.998040000000000260e-01 0.000000000000000000e+00 1.999999999999999909e-06
9.997120000000000450e-01 0.000000000000000000e+00 1.589999999999999888e-04
9.998129999999999518e-01 0.000000000000000000e+00 3.000000000000000076e-06
9.998460000000000125e-01 0.000000000000000000e+00 6.000000000000000152e-06
9.998500000000000165e-01 0.000000000000000000e+00 0.000000000000000000e+00
9.998340000000000005e-01 9.000000000000000228e-06 0.000000000000000000e+00
9.997430000000000483e-01 1.281000000000000021e-03 0.000000000000000000e+00
9.998310000000000253e-01 1.599999999999999928e-05 0.000000000000000000e+00
9.998719999999999830e-01 0.000000000000000000e+00 0.000000000000000000e+00
9.998519999999999630e-01 0.000000000000000000e+00 9.999999999999999547e-07
9.998190000000000133e-01 0.000000000000000000e+00 0.000000000000000000e+00
9.998000000000000220e-01 0.000000000000000000e+00 0.000000000000000000e+00
9.998540000000000205e-01 0.000000000000000000e+00 9.999999999999999547e-07
9.988960000000000061e-01 0.000000000000000000e+00 3.588299999999999823e-02
9.995650000000000368e-01 0.000000000000000000e+00 8.233000000000000734e-03
9.998669999999999503e-01 0.000000000000000000e+00 0.000000000000000000e+00
9.997909999999999853e-01 0.000000000000000000e+00 0.000000000000000000e+00
9.997399999999999620e-01 1.301000000000000073e-03 0.000000000000000000e+00
9.998160000000000380e-01 1.599999999999999928e-05 0.000000000000000000e+00
9.998179999999999845e-01 0.000000000000000000e+00 0.000000000000000000e+00
9.997129999999999628e-01 0.000000000000000000e+00 0.000000000000000000e+00
9.998529999999999918e-01 0.000000000000000000e+00 3.000000000000000076e-06
9.998249999999999638e-01 0.000000000000000000e+00 0.000000000000000000e+00
9.997939999999999605e-01 0.000000000000000000e+00 0.000000000000000000e+00
9.998609999999999998e-01 0.000000000000000000e+00 0.000000000000000000e+00
9.997059999999999835e-01 0.000000000000000000e+00 0.000000000000000000e+00
9.997840000000000060e-01 0.000000000000000000e+00 0.000000000000000000e+00
9.998580000000000245e-01 0.000000000000000000e+00 0.000000000000000000e+00
9.998359999999999470e-01 0.000000000000000000e+00 0.000000000000000000e+00
9.997690000000000188e-01 0.000000000000000000e+00 0.000000000000000000e+00
9.998460000000000125e-01 0.000000000000000000e+00 0.000000000000000000e+00
9.998449999999999838e-01 0.000000000000000000e+00 0.000000000000000000e+00
9.998289999999999678e-01 2.500000000000000120e-05 0.000000000000000000e+00
9.998329999999999718e-01 9.000000000000000228e-06 0.000000000000000000e+00
9.998489999999999878e-01 9.999999999999999547e-07 0.000000000000000000e+00
9.998399999999999510e-01 0.000000000000000000e+00 1.999999999999999909e-06
9.997129999999999628e-01 0.000000000000000000e+00 9.076999999999999999e-03
9.998470000000000413e-01 0.000000000000000000e+00 5.000000000000000409e-06
9.998120000000000340e-01 0.000000000000000000e+00 1.999999999999999909e-06
9.998240000000000460e-01 0.000000000000000000e+00 9.999999999999999547e-07
9.998390000000000333e-01 0.000000000000000000e+00 0.000000000000000000e+00
9.998709999999999543e-01 0.000000000000000000e+00 0.000000000000000000e+00
9.998139999999999805e-01 2.199999999999999943e-05 0.000000000000000000e+00
9.994459999999999456e-01 2.211600000000000024e-02 0.000000000000000000e+00
9.998139999999999805e-01 1.420000000000000092e-04 0.000000000000000000e+00
9.998000000000000220e-01 4.229999999999999819e-04 0.000000000000000000e+00
9.997300000000000075e-01 5.741999999999999708e-03 0.000000000000000000e+00
9.997740000000000515e-01 1.487000000000000040e-03 0.000000000000000000e+00
9.998329999999999718e-01 1.999999999999999909e-06 0.000000000000000000e+00
9.998519999999999630e-01 0.000000000000000000e+00 1.999999999999999909e-06
9.998679999999999790e-01 0.000000000000000000e+00 0.000000000000000000e+00
9.998620000000000285e-01 0.000000000000000000e+00 0.000000000000000000e+00
9.998489999999999878e-01 0.000000000000000000e+00 1.999999999999999909e-06
9.997899999999999565e-01 0.000000000000000000e+00 1.456999999999999962e-03
9.997850000000000348e-01 0.000000000000000000e+00 3.159999999999999832e-04
9.998080000000000300e-01 0.000000000000000000e+00 0.000000000000000000e+00
9.997880000000000100e-01 1.659999999999999963e-04 0.000000000000000000e+00
9.995230000000000503e-01 1.483699999999999949e-02 0.000000000000000000e+00
9.998489999999999878e-01 0.000000000000000000e+00 0.000000000000000000e+00
9.998540000000000205e-01 0.000000000000000000e+00 3.000000000000000076e-06
9.997840000000000060e-01 0.000000000000000000e+00 2.946999999999999967e-03
9.997960000000000180e-01 0.000000000000000000e+00 2.300000000000000002e-05
9.997970000000000468e-01 0.000000000000000000e+00 1.999999999999999909e-06
9.998709999999999543e-01 0.000000000000000000e+00 0.000000000000000000e+00
9.998420000000000085e-01 9.999999999999999547e-07 0.000000000000000000e+00
9.998129999999999518e-01 1.530000000000000056e-04 0.000000000000000000e+00
9.997599999999999820e-01 3.570000000000000040e-04 0.000000000000000000e+00
9.998139999999999805e-01 9.999999999999999547e-07 0.000000000000000000e+00
9.998700000000000365e-01 0.000000000000000000e+00 0.000000000000000000e+00
9.998660000000000325e-01 0.000000000000000000e+00 0.000000000000000000e+00
9.998529999999999918e-01 9.999999999999999547e-07 0.000000000000000000e+00
9.997669999999999613e-01 2.089000000000000145e-03 0.000000000000000000e+00
9.997650000000000148e-01 1.838999999999999923e-03 0.000000000000000000e+00
9.998460000000000125e-01 0.000000000000000000e+00 0.000000000000000000e+00
9.998219999999999885e-01 0.000000000000000000e+00 0.000000000000000000e+00
9.998510000000000453e-01 0.000000000000000000e+00 0.000000000000000000e+00
9.998559999999999670e-01 0.000000000000000000e+00 0.000000000000000000e+00
9.997770000000000268e-01 0.000000000000000000e+00 4.120000000000000398e-03
9.998350000000000293e-01 0.000000000000000000e+00 7.600000000000000418e-05
9.998569999999999958e-01 0.000000000000000000e+00 0.000000000000000000e+00
9.998479999999999590e-01 1.999999999999999909e-06 0.000000000000000000e+00
9.998070000000000013e-01 3.699999999999999811e-05 0.000000000000000000e+00
9.981090000000000240e-01 5.474799999999999806e-02 0.000000000000000000e+00
9.998219999999999885e-01 4.199999999999999768e-05 0.000000000000000000e+00
9.998669999999999503e-01 0.000000000000000000e+00 0.000000000000000000e+00
9.998340000000000005e-01 0.000000000000000000e+00 2.599999999999999840e-05
9.998430000000000373e-01 0.000000000000000000e+00 0.000000000000000000e+00
9.998399999999999510e-01 0.000000000000000000e+00 0.000000000000000000e+00
9.998190000000000133e-01 0.000000000000000000e+00 0.000000000000000000e+00
9.998479999999999590e-01 9.999999999999999547e-07 0.000000000000000000e+00
9.996810000000000418e-01 6.590000000000000371e-03 0.000000000000000000e+00
9.997190000000000243e-01 5.950000000000000427e-03 0.000000000000000000e+00
9.998280000000000500e-01 0.000000000000000000e+00 0.000000000000000000e+00
9.997949999999999893e-01 9.999999999999999547e-07 0.000000000000000000e+00
9.998209999999999598e-01 6.799999999999999946e-05 0.000000000000000000e+00
9.997289999999999788e-01 2.622999999999999898e-03 0.000000000000000000e+00
9.997049999999999548e-01 4.559999999999999817e-03 0.000000000000000000e+00
9.997300000000000075e-01 4.517000000000000182e-03 0.000000000000000000e+00
9.996479999999999810e-01 1.131700000000000067e-02 0.000000000000000000e+00
9.998359999999999470e-01 6.999999999999999895e-06 0.000000000000000000e+00
9.998609999999999998e-01 0.000000000000000000e+00 0.000000000000000000e+00
9.997540000000000315e-01 0.000000000000000000e+00 6.480999999999999782e-03
9.997179999999999955e-01 0.000000000000000000e+00 1.693999999999999976e-03
9.998169999999999558e-01 0.000000000000000000e+00 0.000000000000000000e+00
9.997829999999999773e-01 1.154999999999999994e-03 0.000000000000000000e+00
9.994459999999999456e-01 2.096500000000000100e-02 0.000000000000000000e+00
9.997390000000000443e-01 1.599999999999999928e-05 0.000000000000000000e+00
9.998639999999999750e-01 0.000000000000000000e+00 0.000000000000000000e+00
9.998569999999999958e-01 0.000000000000000000e+00 0.000000000000000000e+00
9.998299999999999965e-01 0.000000000000000000e+00 3.000000000000000076e-06
9.997139999999999915e-01 0.000000000000000000e+00 1.014900000000000004e-02
9.997859999999999525e-01 0.000000000000000000e+00 1.513000000000000022e-03
9.997859999999999525e-01 0.000000000000000000e+00 3.103999999999999988e-03
9.997899999999999565e-01 0.000000000000000000e+00 2.206000000000000062e-03
9.997460000000000235e-01 0.000000000000000000e+00 5.584000000000000422e-03
9.997869999999999813e-01 0.000000000000000000e+00 9.999999999999999547e-07
9.998190000000000133e-01 0.000000000000000000e+00 0.000000000000000000e+00
9.998029999999999973e-01 0.000000000000000000e+00 0.000000000000000000e+00
9.998209999999999598e-01 0.000000000000000000e+00 0.000000000000000000e+00
9.998700000000000365e-01 0.000000000000000000e+00 0.000000000000000000e+00
9.998310000000000253e-01 0.000000000000000000e+00 0.000000000000000000e+00
9.997740000000000515e-01 0.000000000000000000e+00 2.599999999999999840e-05
9.997599999999999820e-01 0.000000000000000000e+00 5.919999999999999698e-04
9.998310000000000253e-01 0.000000000000000000e+00 3.600000000000000091e-05
9.998700000000000365e-01 0.000000000000000000e+00 0.000000000000000000e+00
9.997789999999999733e-01 6.799999999999999946e-05 0.000000000000000000e+00
9.944589999999999819e-01 1.010719999999999952e-01 0.000000000000000000e+00
9.998590000000000533e-01 0.000000000000000000e+00 0.000000000000000000e+00
9.998190000000000133e-01 0.000000000000000000e+00 0.000000000000000000e+00
9.998460000000000125e-01 0.000000000000000000e+00 9.000000000000000228e-06
9.998519999999999630e-01 0.000000000000000000e+00 3.000000000000000076e-06
9.998609999999999998e-01 0.000000000000000000e+00 0.000000000000000000e+00
9.998019999999999685e-01 0.000000000000000000e+00 0.000000000000000000e+00
9.998660000000000325e-01 0.000000000000000000e+00 0.000000000000000000e+00
9.998299999999999965e-01 0.000000000000000000e+00 0.000000000000000000e+00
9.998380000000000045e-01 0.000000000000000000e+00 0.000000000000000000e+00
9.998669999999999503e-01 0.000000000000000000e+00 0.000000000000000000e+00
9.998709999999999543e-01 0.000000000000000000e+00 0.000000000000000000e+00
9.998390000000000333e-01 0.000000000000000000e+00 0.000000000000000000e+00
9.998500000000000165e-01 0.000000000000000000e+00 0.000000000000000000e+00
9.998409999999999798e-01 0.000000000000000000e+00 0.000000000000000000e+00
9.996390000000000553e-01 1.291899999999999993e-02 0.000000000000000000e+00
9.997930000000000428e-01 6.650000000000000095e-04 0.000000000000000000e+00
9.997660000000000435e-01 3.699999999999999811e-05 0.000000000000000000e+00
9.996030000000000193e-01 9.287000000000000116e-03 0.000000000000000000e+00
9.996699999999999475e-01 2.650000000000000012e-03 0.000000000000000000e+00
9.997470000000000523e-01 0.000000000000000000e+00 0.000000000000000000e+00
9.998120000000000340e-01 0.000000000000000000e+00 1.999999999999999909e-06
9.998209999999999598e-01 0.000000000000000000e+00 2.449999999999999921e-04
9.995849999999999458e-01 0.000000000000000000e+00 1.681699999999999862e-02
9.998660000000000325e-01 0.000000000000000000e+00 0.000000000000000000e+00
9.998690000000000078e-01 0.000000000000000000e+00 0.000000000000000000e+00
9.998369999999999758e-01 0.000000000000000000e+00 0.000000000000000000e+00
9.998439999999999550e-01 0.000000000000000000e+00 3.999999999999999819e-06
9.994309999999999583e-01 0.000000000000000000e+00 2.452000000000000013e-02
9.998399999999999510e-01 0.000000000000000000e+00 3.699999999999999811e-05
9.998679999999999790e-01 0.000000000000000000e+00 0.000000000000000000e+00
9.998479999999999590e-01 0.000000000000000000e+00 0.000000000000000000e+00
9.998310000000000253e-01 2.300000000000000002e-05 0.000000000000000000e+00
9.998320000000000540e-01 1.599999999999999928e-05 0.000000000000000000e+00
9.998430000000000373e-01 0.000000000000000000e+00 0.000000000000000000e+00
9.998209999999999598e-01 1.200000000000000030e-05 0.000000000000000000e+00
9.998160000000000380e-01 3.999999999999999819e-06 0.000000000000000000e+00
9.998690000000000078e-01 0.000000000000000000e+00 0.000000000000000000e+00
9.998350000000000293e-01 0.000000000000000000e+00 6.999999999999999895e-06
9.998690000000000078e-01 0.000000000000000000e+00 0.000000000000000000e+00
9.998590000000000533e-01 0.000000000000000000e+00 0.000000000000000000e+00
9.998340000000000005e-01 0.000000000000000000e+00 1.999999999999999909e-06
9.998700000000000365e-01 0.000000000000000000e+00 0.000000000000000000e+00
9.998310000000000253e-01 6.000000000000000152e-06 0.000000000000000000e+00
9.998430000000000373e-01 0.000000000000000000e+00 0.000000000000000000e+00
9.998690000000000078e-01 0.000000000000000000e+00 0.000000000000000000e+00
9.998409999999999798e-01 0.000000000000000000e+00 2.199999999999999943e-05
9.995260000000000256e-01 0.000000000000000000e+00 2.088900000000000132e-02
9.998609999999999998e-01 0.000000000000000000e+00 0.000000000000000000e+00
9.997960000000000180e-01 9.999999999999999547e-07 0.000000000000000000e+00
9.998249999999999638e-01 4.300000000000000165e-05 0.000000000000000000e+00
9.997979999999999645e-01 3.000000000000000076e-06 0.000000000000000000e+00
9.998669999999999503e-01 0.000000000000000000e+00 0.000000000000000000e+00
9.998580000000000245e-01 0.000000000000000000e+00 0.000000000000000000e+00
9.998629999999999463e-01 0.000000000000000000e+00 0.000000000000000000e+00
9.998320000000000540e-01 1.500000000000000038e-05 0.000000000000000000e+00
9.997679999999999900e-01 2.799999999999999755e-04 0.000000000000000000e+00
9.997819999999999485e-01 1.257000000000000088e-03 0.000000000000000000e+00
9.997829999999999773e-01 8.300000000000000086e-04 0.000000000000000000e+00
9.996260000000000145e-01 1.234999999999999987e-02 0.000000000000000000e+00
9.998169999999999558e-01 9.999999999999999547e-07 0.000000000000000000e+00
9.998679999999999790e-01 0.000000000000000000e+00 0.000000000000000000e+00
9.998639999999999750e-01 0.000000000000000000e+00 0.000000000000000000e+00
9.998359999999999470e-01 0.000000000000000000e+00 6.999999999999999895e-06
9.998690000000000078e-01 0.000000000000000000e+00 0.000000000000000000e+00
9.998040000000000260e-01 0.000000000000000000e+00 0.000000000000000000e+00
9.998270000000000213e-01 7.999999999999999638e-06 0.000000000000000000e+00
9.997530000000000028e-01 2.229999999999999994e-04 0.000000000000000000e+00
9.997979999999999645e-01 1.000000000000000082e-05 0.000000000000000000e+00
9.992550000000000043e-01 2.942499999999999977e-02 0.000000000000000000e+00
9.998179999999999845e-01 3.300000000000000253e-05 0.000000000000000000e+00
9.998299999999999965e-01 0.000000000000000000e+00 0.000000000000000000e+00
9.998559999999999670e-01 0.000000000000000000e+00 0.000000000000000000e+00
9.998690000000000078e-01 0.000000000000000000e+00 0.000000000000000000e+00
9.998580000000000245e-01 0.000000000000000000e+00 0.000000000000000000e+00
9.998550000000000493e-01 0.000000000000000000e+00 0.000000000000000000e+00
9.998599999999999710e-01 0.000000000000000000e+00 0.000000000000000000e+00
9.998540000000000205e-01 0.000000000000000000e+00 0.000000000000000000e+00
9.998599999999999710e-01 0.000000000000000000e+00 0.000000000000000000e+00
9.998249999999999638e-01 0.000000000000000000e+00 0.000000000000000000e+00
9.997570000000000068e-01 0.000000000000000000e+00 0.000000000000000000e+00
9.998540000000000205e-01 0.000000000000000000e+00 0.000000000000000000e+00
9.998700000000000365e-01 0.000000000000000000e+00 0.000000000000000000e+00
9.998669999999999503e-01 0.000000000000000000e+00 0.000000000000000000e+00
9.998430000000000373e-01 0.000000000000000000e+00 0.000000000000000000e+00
9.998519999999999630e-01 0.000000000000000000e+00 0.000000000000000000e+00
9.993269999999999653e-01 0.000000000000000000e+00 2.814600000000000088e-02
9.998369999999999758e-01 0.000000000000000000e+00 5.000000000000000409e-06
9.998650000000000038e-01 0.000000000000000000e+00 0.000000000000000000e+00
9.998000000000000220e-01 0.000000000000000000e+00 0.000000000000000000e+00
9.998479999999999590e-01 0.000000000000000000e+00 0.000000000000000000e+00
9.998690000000000078e-01 0.000000000000000000e+00 0.000000000000000000e+00
9.996760000000000090e-01 0.000000000000000000e+00 1.230299999999999970e-02
9.998299999999999965e-01 0.000000000000000000e+00 1.000000000000000048e-04
9.998029999999999973e-01 0.000000000000000000e+00 2.649999999999999903e-04
9.998080000000000300e-01 0.000000000000000000e+00 5.800000000000000034e-04
9.997730000000000228e-01 0.000000000000000000e+00 3.726999999999999844e-03
9.997960000000000180e-01 0.000000000000000000e+00 1.100000000000000039e-04
9.998609999999999998e-01 0.000000000000000000e+00 0.000000000000000000e+00
9.998569999999999958e-01 0.000000000000000000e+00 0.000000000000000000e+00
9.998479999999999590e-01 0.000000000000000000e+00 0.000000000000000000e+00
9.998569999999999958e-01 0.000000000000000000e+00 0.000000000000000000e+00
9.998580000000000245e-01 0.000000000000000000e+00 0.000000000000000000e+00
9.998650000000000038e-01 0.000000000000000000e+00 0.000000000000000000e+00
9.998430000000000373e-01 0.000000000000000000e+00 0.000000000000000000e+00
9.998650000000000038e-01 0.000000000000000000e+00 0.000000000000000000e+00
9.998479999999999590e-01 0.000000000000000000e+00 0.000000000000000000e+00
9.998270000000000213e-01 3.899999999999999929e-05 0.000000000000000000e+00
9.998399999999999510e-01 6.000000000000000152e-06 0.000000000000000000e+00
9.998219999999999885e-01 6.999999999999999387e-05 0.000000000000000000e+00
9.998340000000000005e-01 9.999999999999999547e-07 0.000000000000000000e+00
9.998420000000000085e-01 0.000000000000000000e+00 0.000000000000000000e+00
9.998359999999999470e-01 1.299999999999999920e-05 0.000000000000000000e+00
9.998460000000000125e-01 3.000000000000000076e-06 0.000000000000000000e+00
9.998320000000000540e-01 1.999999999999999909e-06 0.000000000000000000e+00
9.998340000000000005e-01 1.699999999999999987e-05 0.000000000000000000e+00
9.998449999999999838e-01 3.000000000000000076e-06 0.000000000000000000e+00
9.997329999999999828e-01 0.000000000000000000e+00 0.000000000000000000e+00
9.997880000000000100e-01 0.000000000000000000e+00 0.000000000000000000e+00
9.997300000000000075e-01 4.979999999999999618e-04 0.000000000000000000e+00
9.994549999999999823e-01 1.834200000000000066e-02 0.000000000000000000e+00
9.997470000000000523e-01 3.344000000000000184e-03 0.000000000000000000e+00
9.996429999999999483e-01 3.837999999999999832e-03 0.000000000000000000e+00
9.997019999999999795e-01 5.509000000000000008e-03 0.000000000000000000e+00
9.997489999999999988e-01 4.055999999999999710e-03 0.000000000000000000e+00
9.997740000000000515e-01 1.760000000000000063e-03 0.000000000000000000e+00
9.998620000000000285e-01 0.000000000000000000e+00 0.000000000000000000e+00
9.998559999999999670e-01 0.000000000000000000e+00 0.000000000000000000e+00
9.997979999999999645e-01 0.000000000000000000e+00 0.000000000000000000e+00
9.998359999999999470e-01 0.000000000000000000e+00 0.000000000000000000e+00
9.997850000000000348e-01 0.000000000000000000e+00 2.400000000000000061e-05
9.991879999999999651e-01 0.000000000000000000e+00 3.275700000000000139e-02
9.998519999999999630e-01 0.000000000000000000e+00 0.000000000000000000e+00
9.998679999999999790e-01 0.000000000000000000e+00 0.000000000000000000e+00
9.998449999999999838e-01 0.000000000000000000e+00 1.800000000000000046e-05
9.996000000000000441e-01 0.000000000000000000e+00 1.737400000000000055e-02
9.998650000000000038e-01 0.000000000000000000e+00 0.000000000000000000e+00
9.995450000000000168e-01 2.103999999999999967e-03 0.000000000000000000e+00
9.816019999999999746e-01 1.876819999999999877e-01 0.000000000000000000e+00
9.997599999999999820e-01 1.259999999999999998e-04 0.000000000000000000e+00
9.998399999999999510e-01 0.000000000000000000e+00 9.999999999999999547e-07
9.997500000000000275e-01 0.000000000000000000e+00 4.748999999999999749e-03
9.998240000000000460e-01 0.000000000000000000e+00 1.440000000000000036e-04
9.997970000000000468e-01 0.000000000000000000e+00 1.869999999999999917e-03
9.998350000000000293e-01 0.000000000000000000e+00 7.100000000000000462e-05
9.998099999999999765e-01 0.000000000000000000e+00 5.090000000000000123e-04
9.997570000000000068e-01 0.000000000000000000e+00 8.899999999999999491e-05
9.998540000000000205e-01 0.000000000000000000e+00 1.999999999999999909e-06
9.998629999999999463e-01 0.000000000000000000e+00 0.000000000000000000e+00
9.998449999999999838e-01 0.000000000000000000e+00 1.699999999999999987e-05
9.987489999999999979e-01 0.000000000000000000e+00 4.283900000000000208e-02
9.994020000000000126e-01 0.000000000000000000e+00 1.672000000000000092e-03
9.996099999999999985e-01 0.000000000000000000e+00 3.000000000000000076e-06
9.998660000000000325e-01 0.000000000000000000e+00 0.000000000000000000e+00
9.997620000000000395e-01 9.500000000000000523e-05 0.000000000000000000e+00
9.996690000000000298e-01 4.800000000000000122e-04 0.000000000000000000e+00
9.997850000000000348e-01 0.000000000000000000e+00 0.000000000000000000e+00
9.998540000000000205e-01 0.000000000000000000e+00 0.000000000000000000e+00
9.998289999999999678e-01 0.000000000000000000e+00 1.540000000000000028e-04
9.997380000000000155e-01 0.000000000000000000e+00 2.135999999999999878e-03
9.996990000000000043e-01 0.000000000000000000e+00 6.999999999999999895e-06
9.997230000000000283e-01 9.999999999999999547e-07 0.000000000000000000e+00
9.997530000000000028e-01 7.720000000000000083e-04 0.000000000000000000e+00
9.998070000000000013e-01 2.489999999999999809e-04 0.000000000000000000e+00
9.998529999999999918e-01 0.000000000000000000e+00 0.000000000000000000e+00
9.998129999999999518e-01 0.000000000000000000e+00 7.999999999999999638e-06
9.997509999999999453e-01 0.000000000000000000e+00 2.121000000000000055e-03
9.998439999999999550e-01 0.000000000000000000e+00 0.000000000000000000e+00
9.709379999999999677e-01 2.373319999999999874e-01 0.000000000000000000e+00
9.998580000000000245e-01 0.000000000000000000e+00 0.000000000000000000e+00
9.997639999999999860e-01 0.000000000000000000e+00 4.353000000000000098e-03
9.998120000000000340e-01 0.000000000000000000e+00 5.300000000000000078e-05
9.997639999999999860e-01 0.000000000000000000e+00 4.048000000000000383e-03
9.997669999999999613e-01 0.000000000000000000e+00 3.373999999999999829e-03
9.998289999999999678e-01 0.000000000000000000e+00 6.000000000000000152e-06
9.998590000000000533e-01 0.000000000000000000e+00 0.000000000000000000e+00
9.998350000000000293e-01 3.000000000000000076e-06 0.000000000000000000e+00
9.980820000000000247e-01 5.593299999999999661e-02 0.000000000000000000e+00
9.997759999999999980e-01 2.559999999999999884e-04 0.000000000000000000e+00
9.998449999999999838e-01 0.000000000000000000e+00 0.000000000000000000e+00
9.958930000000000282e-01 0.000000000000000000e+00 8.656300000000000106e-02
9.998409999999999798e-01 0.000000000000000000e+00 1.299999999999999920e-05
9.996129999999999738e-01 0.000000000000000000e+00 2.239000000000000105e-03
9.997500000000000275e-01 0.000000000000000000e+00 5.115999999999999888e-03
9.997859999999999525e-01 0.000000000000000000e+00 5.370000000000000424e-04
9.997460000000000235e-01 0.000000000000000000e+00 1.749999999999999982e-04
9.997380000000000155e-01 0.000000000000000000e+00 4.399999999999999886e-05
9.997869999999999813e-01 0.000000000000000000e+00 2.516000000000000007e-03
9.997470000000000523e-01 0.000000000000000000e+00 1.984999999999999785e-03
9.998289999999999678e-01 0.000000000000000000e+00 0.000000000000000000e+00
9.998690000000000078e-01 0.000000000000000000e+00 0.000000000000000000e+00
9.998709999999999543e-01 0.000000000000000000e+00 0.000000000000000000e+00
9.998709999999999543e-01 0.000000000000000000e+00 0.000000000000000000e+00
9.998550000000000493e-01 0.000000000000000000e+00 0.000000000000000000e+00
9.998590000000000533e-01 0.000000000000000000e+00 0.000000000000000000e+00
9.998320000000000540e-01 0.000000000000000000e+00 1.999999999999999909e-06
9.998350000000000293e-01 0.000000000000000000e+00 1.599999999999999928e-05
9.996800000000000130e-01 0.000000000000000000e+00 1.083999999999999894e-03
9.997770000000000268e-01 0.000000000000000000e+00 5.649999999999999641e-04
9.939719999999999667e-01 0.000000000000000000e+00 1.060519999999999935e-01
9.998439999999999550e-01 0.000000000000000000e+00 0.000000000000000000e+00
9.998639999999999750e-01 0.000000000000000000e+00 0.000000000000000000e+00
9.998129999999999518e-01 0.000000000000000000e+00 0.000000000000000000e+00
9.997310000000000363e-01 0.000000000000000000e+00 1.399999999999999979e-05
9.997759999999999980e-01 0.000000000000000000e+00 3.350000000000000113e-04
9.996300000000000185e-01 0.000000000000000000e+00 1.400099999999999956e-02
9.998449999999999838e-01 0.000000000000000000e+00 1.999999999999999909e-06
9.997639999999999860e-01 0.000000000000000000e+00 0.000000000000000000e+00
9.997369999999999868e-01 3.214999999999999976e-03 0.000000000000000000e+00
9.997759999999999980e-01 3.989999999999999949e-04 0.000000000000000000e+00
9.998320000000000540e-01 2.199999999999999943e-05 0.000000000000000000e+00
9.997740000000000515e-01 0.000000000000000000e+00 0.000000000000000000e+00
9.997449999999999948e-01 0.000000000000000000e+00 1.649999999999999991e-04
9.997129999999999628e-01 0.000000000000000000e+00 1.730999999999999900e-03
9.998599999999999710e-01 0.000000000000000000e+00 0.000000000000000000e+00
9.998470000000000413e-01 0.000000000000000000e+00 0.000000000000000000e+00
9.997960000000000180e-01 5.000000000000000409e-06 0.000000000000000000e+00
9.997810000000000308e-01 6.499999999999999431e-05 0.000000000000000000e+00
9.997570000000000068e-01 2.599999999999999840e-05 0.000000000000000000e+00
9.997439999999999660e-01 1.579999999999999916e-04 0.000000000000000000e+00
9.998249999999999638e-01 1.500000000000000038e-05 0.000000000000000000e+00
9.998700000000000365e-01 0.000000000000000000e+00 0.000000000000000000e+00
9.996319999999999650e-01 0.000000000000000000e+00 1.561000000000000061e-02
9.998120000000000340e-01 0.000000000000000000e+00 5.990000000000000316e-04
9.997479999999999700e-01 0.000000000000000000e+00 1.710000000000000094e-04
9.996939999999999715e-01 0.000000000000000000e+00 3.190000000000000019e-04
9.997169999999999668e-01 0.000000000000000000e+00 9.421000000000000554e-03
9.998200000000000420e-01 0.000000000000000000e+00 3.820000000000000153e-04
9.998249999999999638e-01 0.000000000000000000e+00 9.999999999999999547e-07
9.998609999999999998e-01 0.000000000000000000e+00 0.000000000000000000e+00
9.998580000000000245e-01 0.000000000000000000e+00 0.000000000000000000e+00
9.998489999999999878e-01 0.000000000000000000e+00 0.000000000000000000e+00
9.992710000000000203e-01 0.000000000000000000e+00 3.033699999999999938e-02
9.998420000000000085e-01 0.000000000000000000e+00 1.599999999999999928e-05
9.997749999999999693e-01 0.000000000000000000e+00 0.000000000000000000e+00
9.998099999999999765e-01 9.200000000000000007e-05 0.000000000000000000e+00
9.989059999999999606e-01 3.918200000000000155e-02 0.000000000000000000e+00
9.998510000000000453e-01 9.999999999999999547e-07 0.000000000000000000e+00
9.997709999999999653e-01 0.000000000000000000e+00 0.000000000000000000e+00
9.990959999999999841e-01 0.000000000000000000e+00 3.434299999999999853e-02
9.998569999999999958e-01 0.000000000000000000e+00 0.000000000000000000e+00
9.997530000000000028e-01 3.641999999999999838e-03 0.000000000000000000e+00
9.997420000000000195e-01 2.631000000000000092e-03 0.000000000000000000e+00
9.998529999999999918e-01 0.000000000000000000e+00 0.000000000000000000e+00
9.998289999999999678e-01 0.000000000000000000e+00 1.999999999999999909e-06
9.996920000000000250e-01 0.000000000000000000e+00 9.369999999999999857e-03
9.996909999999999963e-01 0.000000000000000000e+00 9.849999999999999815e-04
9.997289999999999788e-01 0.000000000000000000e+00 5.797000000000000069e-03
9.997920000000000140e-01 0.000000000000000000e+00 1.299000000000000024e-03
9.998259999999999925e-01 0.000000000000000000e+00 2.069999999999999900e-04
9.997369999999999868e-01 0.000000000000000000e+00 7.093999999999999612e-03
9.998059999999999725e-01 0.000000000000000000e+00 9.619999999999999645e-04
9.997819999999999485e-01 0.000000000000000000e+00 2.090000000000000115e-04
9.998299999999999965e-01 0.000000000000000000e+00 1.320000000000000101e-04
9.997540000000000315e-01 0.000000000000000000e+00 4.400000000000000265e-03
9.997890000000000388e-01 0.000000000000000000e+00 7.320000000000000118e-04
9.996850000000000458e-01 0.000000000000000000e+00 1.224500000000000068e-02
9.997979999999999645e-01 0.000000000000000000e+00 7.240000000000000342e-04
9.997949999999999893e-01 0.000000000000000000e+00 5.479999999999999845e-04
9.998070000000000013e-01 0.000000000000000000e+00 1.469999999999999953e-04
9.996969999999999468e-01 0.000000000000000000e+00 1.138899999999999982e-02
9.997779999999999445e-01 0.000000000000000000e+00 4.094999999999999682e-03
9.997989999999999933e-01 0.000000000000000000e+00 1.711999999999999980e-03
9.998259999999999925e-01 0.000000000000000000e+00 2.059999999999999928e-04
9.998359999999999470e-01 0.000000000000000000e+00 0.000000000000000000e+00
9.997019999999999795e-01 7.900000000000000121e-04 0.000000000000000000e+00
9.996859999999999635e-01 7.399000000000000195e-03 0.000000000000000000e+00
9.997960000000000180e-01 3.069999999999999812e-04 0.000000000000000000e+00
9.998690000000000078e-01 0.000000000000000000e+00 0.000000000000000000e+00
9.998679999999999790e-01 0.000000000000000000e+00 0.000000000000000000e+00
9.998409999999999798e-01 6.000000000000000152e-06 0.000000000000000000e+00
9.994859999999999856e-01 2.084199999999999942e-02 0.000000000000000000e+00
9.997660000000000435e-01 1.786000000000000044e-03 0.000000000000000000e+00
9.996589999999999643e-01 1.127599999999999957e-02 0.000000000000000000e+00
9.997899999999999565e-01 7.640000000000000306e-04 0.000000000000000000e+00
9.997460000000000235e-01 6.019999999999999961e-04 0.000000000000000000e+00
9.985669999999999824e-01 4.604099999999999859e-02 0.000000000000000000e+00
9.966979999999999729e-01 7.494199999999999473e-02 0.000000000000000000e+00
9.998310000000000253e-01 1.900000000000000105e-05 0.000000000000000000e+00
9.998700000000000365e-01 0.000000000000000000e+00 0.000000000000000000e+00
9.998460000000000125e-01 0.000000000000000000e+00 6.999999999999999895e-06
9.995399999999999840e-01 0.000000000000000000e+00 1.976400000000000032e-02
9.998320000000000540e-01 0.000000000000000000e+00 2.000000000000000164e-05
9.998599999999999710e-01 0.000000000000000000e+00 0.000000000000000000e+00
9.998449999999999838e-01 3.000000000000000076e-06 0.000000000000000000e+00
9.998709999999999543e-01 0.000000000000000000e+00 0.000000000000000000e+00
9.998690000000000078e-01 0.000000000000000000e+00 0.000000000000000000e+00
9.998590000000000533e-01 0.000000000000000000e+00 0.000000000000000000e+00
9.998540000000000205e-01 0.000000000000000000e+00 0.000000000000000000e+00
9.998409999999999798e-01 0.000000000000000000e+00 0.000000000000000000e+00
9.998679999999999790e-01 0.000000000000000000e+00 0.000000000000000000e+00
9.998280000000000500e-01 0.000000000000000000e+00 0.000000000000000000e+00
9.998259999999999925e-01 0.000000000000000000e+00 0.000000000000000000e+00
9.998620000000000285e-01 0.000000000000000000e+00 0.000000000000000000e+00
9.998010000000000508e-01 0.000000000000000000e+00 2.910000000000000260e-04
9.997129999999999628e-01 0.000000000000000000e+00 8.052999999999999395e-03
9.998249999999999638e-01 0.000000000000000000e+00 6.099999999999999872e-05
9.998129999999999518e-01 0.000000000000000000e+00 6.980000000000000527e-04
9.997810000000000308e-01 0.000000000000000000e+00 9.740000000000000394e-04
9.998390000000000333e-01 0.000000000000000000e+00 3.199999999999999855e-05
9.997869999999999813e-01 0.000000000000000000e+00 3.044999999999999964e-03
9.997819999999999485e-01 0.000000000000000000e+00 3.503000000000000037e-03
9.998690000000000078e-01 0.000000000000000000e+00 0.000000000000000000e+00
9.998070000000000013e-01 0.000000000000000000e+00 0.000000000000000000e+00
9.998629999999999463e-01 0.000000000000000000e+00 0.000000000000000000e+00
9.998310000000000253e-01 0.000000000000000000e+00 0.000000000000000000e+00
9.998590000000000533e-01 0.000000000000000000e+00 0.000000000000000000e+00
9.998590000000000533e-01 0.000000000000000000e+00 0.000000000000000000e+00
9.998479999999999590e-01 0.000000000000000000e+00 0.000000000000000000e+00
9.998569999999999958e-01 0.000000000000000000e+00 0.000000000000000000e+00
9.998299999999999965e-01 0.000000000000000000e+00 0.000000000000000000e+00
9.998200000000000420e-01 0.000000000000000000e+00 9.999999999999999547e-07
9.998580000000000245e-01 0.000000000000000000e+00 0.000000000000000000e+00
9.998390000000000333e-01 0.000000000000000000e+00 0.000000000000000000e+00
9.997219999999999995e-01 9.999999999999999547e-07 0.000000000000000000e+00
9.996709999999999763e-01 1.014299999999999924e-02 0.000000000000000000e+00
9.997810000000000308e-01 1.253999999999999906e-03 0.000000000000000000e+00
9.998070000000000013e-01 0.000000000000000000e+00 0.000000000000000000e+00
9.906740000000000546e-01 0.000000000000000000e+00 1.334960000000000035e-01
9.997800000000000020e-01 0.000000000000000000e+00 4.449999999999999746e-04
9.998540000000000205e-01 0.000000000000000000e+00 0.000000000000000000e+00
9.998359999999999470e-01 1.099999999999999971e-05 0.000000000000000000e+00
9.953509999999999858e-01 9.223900000000000154e-02 0.000000000000000000e+00
9.998399999999999510e-01 6.000000000000000152e-06 0.000000000000000000e+00
9.998700000000000365e-01 0.000000000000000000e+00 0.000000000000000000e+00
9.998569999999999958e-01 0.000000000000000000e+00 0.000000000000000000e+00
9.998650000000000038e-01 0.000000000000000000e+00 0.000000000000000000e+00
9.998609999999999998e-01 0.000000000000000000e+00 0.000000000000000000e+00
9.998629999999999463e-01 0.000000000000000000e+00 0.000000000000000000e+00
9.998550000000000493e-01 0.000000000000000000e+00 0.000000000000000000e+00
9.998500000000000165e-01 0.000000000000000000e+00 0.000000000000000000e+00
9.998639999999999750e-01 0.000000000000000000e+00 0.000000000000000000e+00
9.998540000000000205e-01 0.000000000000000000e+00 0.000000000000000000e+00
9.998580000000000245e-01 0.000000000000000000e+00 0.000000000000000000e+00
9.998179999999999845e-01 0.000000000000000000e+00 0.000000000000000000e+00
9.998299999999999965e-01 0.000000000000000000e+00 0.000000000000000000e+00
9.998219999999999885e-01 1.399999999999999979e-05 0.000000000000000000e+00
9.995410000000000128e-01 1.345299999999999968e-02 0.000000000000000000e+00
9.998320000000000540e-01 6.000000000000000152e-06 0.000000000000000000e+00
9.996930000000000538e-01 3.699999999999999811e-05 0.000000000000000000e+00
9.997949999999999893e-01 7.200000000000000182e-05 0.000000000000000000e+00
9.998080000000000300e-01 1.459999999999999981e-04 0.000000000000000000e+00
9.977549999999999475e-01 6.137900000000000300e-02 0.000000000000000000e+00
9.997970000000000468e-01 4.640000000000000027e-04 0.000000000000000000e+00
9.998299999999999965e-01 9.999999999999999547e-07 0.000000000000000000e+00
9.998099999999999765e-01 0.000000000000000000e+00 0.000000000000000000e+00
9.998489999999999878e-01 0.000000000000000000e+00 6.000000000000000152e-06
9.997000000000000330e-01 0.000000000000000000e+00 1.110200000000000076e-02
9.997479999999999700e-01 0.000000000000000000e+00 4.472000000000000280e-03
9.998299999999999965e-01 0.000000000000000000e+00 1.340000000000000045e-04
9.965030000000000276e-01 0.000000000000000000e+00 7.956399999999999584e-02
9.998320000000000540e-01 0.000000000000000000e+00 0.000000000000000000e+00
9.997779999999999445e-01 0.000000000000000000e+00 0.000000000000000000e+00
9.991640000000000521e-01 3.179599999999999788e-02 0.000000000000000000e+00
9.998129999999999518e-01 1.540000000000000028e-04 0.000000000000000000e+00
9.997700000000000475e-01 0.000000000000000000e+00 0.000000000000000000e+00
9.997300000000000075e-01 9.999999999999999547e-07 0.000000000000000000e+00
9.997319999999999540e-01 2.269999999999999882e-04 0.000000000000000000e+00
9.997970000000000468e-01 4.889999999999999599e-04 0.000000000000000000e+00
9.994809999999999528e-01 9.912000000000000671e-03 0.000000000000000000e+00
9.998019999999999685e-01 2.849999999999999886e-04 0.000000000000000000e+00
9.996300000000000185e-01 3.699999999999999811e-05 0.000000000000000000e+00
9.998359999999999470e-01 0.000000000000000000e+00 0.000000000000000000e+00
9.997209999999999708e-01 0.000000000000000000e+00 2.999999999999999737e-04
9.997120000000000450e-01 0.000000000000000000e+00 9.470000000000000336e-04
9.997570000000000068e-01 0.000000000000000000e+00 2.690999999999999816e-03
9.997179999999999955e-01 0.000000000000000000e+00 1.099999999999999971e-05
9.997819999999999485e-01 0.000000000000000000e+00 3.499999999999999693e-05
9.996930000000000538e-01 0.000000000000000000e+00 2.918000000000000021e-03
9.998529999999999918e-01 0.000000000000000000e+00 0.000000000000000000e+00
9.996629999999999683e-01 3.472999999999999959e-03 0.000000000000000000e+00
9.995950000000000113e-01 1.332000000000000024e-02 0.000000000000000000e+00
9.998169999999999558e-01 8.399999999999999535e-05 0.000000000000000000e+00
9.997859999999999525e-01 1.630000000000000047e-04 0.000000000000000000e+00
9.997599999999999820e-01 2.157000000000000063e-03 0.000000000000000000e+00
9.984819999999999807e-01 4.839899999999999758e-02 0.000000000000000000e+00
9.997779999999999445e-01 1.413999999999999892e-03 0.000000000000000000e+00
9.997660000000000435e-01 2.137000000000000011e-03 0.000000000000000000e+00
9.997850000000000348e-01 9.999999999999999547e-07 0.000000000000000000e+00
9.998620000000000285e-01 0.000000000000000000e+00 0.000000000000000000e+00
9.998550000000000493e-01 0.000000000000000000e+00 9.999999999999999547e-07
9.973779999999999868e-01 0.000000000000000000e+00 6.733699999999999408e-02
9.997939999999999605e-01 0.000000000000000000e+00 6.650000000000000095e-04
9.997099999999999875e-01 0.000000000000000000e+00 7.788999999999999917e-03
9.997789999999999733e-01 0.000000000000000000e+00 3.884999999999999998e-03
9.992309999999999803e-01 0.000000000000000000e+00 3.154300000000000159e-02
9.997669999999999613e-01 0.000000000000000000e+00 3.999999999999999819e-06
9.998449999999999838e-01 3.000000000000000076e-06 0.000000000000000000e+00
9.998019999999999685e-01 2.500000000000000120e-05 0.000000000000000000e+00
9.984300000000000397e-01 4.956399999999999695e-02 0.000000000000000000e+00
9.997270000000000323e-01 5.963999999999999684e-03 0.000000000000000000e+00
9.997559999999999780e-01 3.327999999999999795e-03 0.000000000000000000e+00
9.996950000000000003e-01 8.389000000000000623e-03 0.000000000000000000e+00
9.994659999999999656e-01 2.155100000000000071e-02 0.000000000000000000e+00
9.997880000000000100e-01 3.739999999999999835e-04 0.000000000000000000e+00
9.997880000000000100e-01 6.139999999999999625e-04 0.000000000000000000e+00
9.990790000000000504e-01 3.462200000000000000e-02 0.000000000000000000e+00
9.997970000000000468e-01 3.899999999999999929e-05 0.000000000000000000e+00
9.997530000000000028e-01 0.000000000000000000e+00 9.999999999999999547e-07
9.997859999999999525e-01 0.000000000000000000e+00 9.200000000000000007e-05
9.985249999999999959e-01 0.000000000000000000e+00 4.712899999999999728e-02
9.997430000000000483e-01 0.000000000000000000e+00 6.989999999999999686e-03
9.997979999999999645e-01 0.000000000000000000e+00 9.590000000000000000e-04
9.998479999999999590e-01 0.000000000000000000e+00 0.000000000000000000e+00
9.998120000000000340e-01 0.000000000000000000e+00 1.310000000000000129e-04
9.998639999999999750e-01 0.000000000000000000e+00 0.000000000000000000e+00
9.998629999999999463e-01 0.000000000000000000e+00 0.000000000000000000e+00
9.998580000000000245e-01 0.000000000000000000e+00 0.000000000000000000e+00
9.998669999999999503e-01 0.000000000000000000e+00 0.000000000000000000e+00
9.998700000000000365e-01 0.000000000000000000e+00 0.000000000000000000e+00
9.998420000000000085e-01 0.000000000000000000e+00 0.000000000000000000e+00
9.998430000000000373e-01 0.000000000000000000e+00 0.000000000000000000e+00
9.998660000000000325e-01 0.000000000000000000e+00 0.000000000000000000e+00
9.998669999999999503e-01 0.000000000000000000e+00 0.000000000000000000e+00
9.998650000000000038e-01 0.000000000000000000e+00 0.000000000000000000e+00
9.998390000000000333e-01 1.999999999999999909e-06 0.000000000000000000e+00
9.998420000000000085e-01 0.000000000000000000e+00 0.000000000000000000e+00
9.998650000000000038e-01 0.000000000000000000e+00 0.000000000000000000e+00
9.998629999999999463e-01 0.000000000000000000e+00 0.000000000000000000e+00
9.998669999999999503e-01 0.000000000000000000e+00 0.000000000000000000e+00
9.998709999999999543e-01 0.000000000000000000e+00 0.000000000000000000e+00
9.998700000000000365e-01 0.000000000000000000e+00 0.000000000000000000e+00
9.998650000000000038e-01 0.000000000000000000e+00 0.000000000000000000e+00
9.998580000000000245e-01 0.000000000000000000e+00 0.000000000000000000e+00
9.998679999999999790e-01 0.000000000000000000e+00 0.000000000000000000e+00
9.998700000000000365e-01 0.000000000000000000e+00 0.000000000000000000e+00
9.998700000000000365e-01 0.000000000000000000e+00 0.000000000000000000e+00
9.998629999999999463e-01 0.000000000000000000e+00 0.000000000000000000e+00
9.998679999999999790e-01 0.000000000000000000e+00 0.000000000000000000e+00
9.998709999999999543e-01 0.000000000000000000e+00 0.000000000000000000e+00
9.998690000000000078e-01 0.000000000000000000e+00 0.000000000000000000e+00
9.998679999999999790e-01 0.000000000000000000e+00 0.000000000000000000e+00
9.998139999999999805e-01 0.000000000000000000e+00 0.000000000000000000e+00
9.998139999999999805e-01 6.000000000000000152e-06 0.000000000000000000e+00
9.997709999999999653e-01 1.900000000000000105e-05 0.000000000000000000e+00
9.997099999999999875e-01 1.363999999999999978e-03 0.000000000000000000e+00
9.997380000000000155e-01 4.637999999999999762e-03 0.000000000000000000e+00
9.995190000000000463e-01 1.377399999999999979e-02 0.000000000000000000e+00
9.998639999999999750e-01 0.000000000000000000e+00 0.000000000000000000e+00
9.997759999999999980e-01 0.000000000000000000e+00 9.600000000000000243e-05
9.998569999999999958e-01 0.000000000000000000e+00 0.000000000000000000e+00
9.998590000000000533e-01 0.000000000000000000e+00 0.000000000000000000e+00
9.998669999999999503e-01 0.000000000000000000e+00 0.000000000000000000e+00
9.998540000000000205e-01 0.000000000000000000e+00 0.000000000000000000e+00
9.998129999999999518e-01 0.000000000000000000e+00 4.800000000000000122e-05
9.997570000000000068e-01 0.000000000000000000e+00 2.416000000000000179e-03
9.992760000000000531e-01 0.000000000000000000e+00 3.010399999999999882e-02
9.996899999999999675e-01 0.000000000000000000e+00 1.531999999999999942e-03
9.997759999999999980e-01 0.000000000000000000e+00 3.999999999999999819e-06
9.998510000000000453e-01 0.000000000000000000e+00 0.000000000000000000e+00
9.990989999999999593e-01 3.408499999999999724e-02 0.000000000000000000e+00
9.997300000000000075e-01 4.680000000000000132e-03 0.000000000000000000e+00
9.997300000000000075e-01 6.130000000000000466e-04 0.000000000000000000e+00
9.997840000000000060e-01 0.000000000000000000e+00 0.000000000000000000e+00
9.997169999999999668e-01 4.000000000000000327e-05 0.000000000000000000e+00
9.997219999999999995e-01 8.220000000000000310e-04 0.000000000000000000e+00
9.995800000000000241e-01 3.327000000000000096e-03 0.000000000000000000e+00
9.998129999999999518e-01 0.000000000000000000e+00 0.000000000000000000e+00
9.998590000000000533e-01 0.000000000000000000e+00 0.000000000000000000e+00
9.997989999999999933e-01 0.000000000000000000e+00 9.999999999999999547e-07
9.998179999999999845e-01 0.000000000000000000e+00 0.000000000000000000e+00
9.998609999999999998e-01 0.000000000000000000e+00 0.000000000000000000e+00
9.998169999999999558e-01 0.000000000000000000e+00 0.000000000000000000e+00
9.998329999999999718e-01 0.000000000000000000e+00 0.000000000000000000e+00
9.996519999999999850e-01 1.133499999999999959e-02 0.000000000000000000e+00
9.997810000000000308e-01 8.610000000000000032e-04 0.000000000000000000e+00
9.998029999999999973e-01 9.999999999999999547e-07 0.000000000000000000e+00
9.998679999999999790e-01 0.000000000000000000e+00 0.000000000000000000e+00
9.993130000000000068e-01 0.000000000000000000e+00 2.658900000000000152e-02
9.998540000000000205e-01 0.000000000000000000e+00 3.000000000000000076e-06
9.998430000000000373e-01 0.000000000000000000e+00 0.000000000000000000e+00
9.997179999999999955e-01 9.999999999999999547e-07 0.000000000000000000e+00
9.998479999999999590e-01 0.000000000000000000e+00 0.000000000000000000e+00
9.998110000000000053e-01 0.000000000000000000e+00 1.869999999999999917e-04
9.997030000000000083e-01 0.000000000000000000e+00 6.109999999999999980e-03
9.998230000000000173e-01 0.000000000000000000e+00 9.999999999999999547e-07
9.998609999999999998e-01 0.000000000000000000e+00 0.000000000000000000e+00
9.995979999999999865e-01 1.900000000000000105e-04 0.000000000000000000e+00
9.998479999999999590e-01 9.999999999999999547e-07 0.000000000000000000e+00
9.998569999999999958e-01 0.000000000000000000e+00 0.000000000000000000e+00
9.998200000000000420e-01 0.000000000000000000e+00 0.000000000000000000e+00
9.997700000000000475e-01 0.000000000000000000e+00 3.999999999999999819e-06
9.998609999999999998e-01 0.000000000000000000e+00 0.000000000000000000e+00
9.996850000000000458e-01 4.290000000000000193e-04 0.000000000000000000e+00
9.997859999999999525e-01 9.770000000000000039e-04 0.000000000000000000e+00
9.997179999999999955e-01 3.789999999999999966e-04 0.000000000000000000e+00
9.996359999999999690e-01 9.920000000000000432e-04 0.000000000000000000e+00
9.997190000000000243e-01 3.910000000000000172e-04 0.000000000000000000e+00
9.997979999999999645e-01 0.000000000000000000e+00 0.000000000000000000e+00
9.998580000000000245e-01 0.000000000000000000e+00 9.999999999999999547e-07
9.985979999999999857e-01 0.000000000000000000e+00 4.716800000000000159e-02
9.998359999999999470e-01 0.000000000000000000e+00 6.200000000000000270e-05
9.998510000000000453e-01 0.000000000000000000e+00 9.999999999999999547e-07
9.998280000000000500e-01 0.000000000000000000e+00 1.440000000000000036e-04
9.964509999999999756e-01 0.000000000000000000e+00 7.884800000000000142e-02
9.997610000000000108e-01 0.000000000000000000e+00 1.949999999999999910e-03
9.997909999999999853e-01 0.000000000000000000e+00 1.869999999999999917e-04
9.996660000000000545e-01 0.000000000000000000e+00 3.499999999999999693e-05
9.997120000000000450e-01 0.000000000000000000e+00 0.000000000000000000e+00
9.996239999999999570e-01 0.000000000000000000e+00 0.000000000000000000e+00
9.998679999999999790e-01 0.000000000000000000e+00 0.000000000000000000e+00
9.996629999999999683e-01 0.000000000000000000e+00 0.000000000000000000e+00
9.998700000000000365e-01 0.000000000000000000e+00 0.000000000000000000e+00
9.997570000000000068e-01 1.999999999999999909e-06 0.000000000000000000e+00
9.998420000000000085e-01 0.000000000000000000e+00 0.000000000000000000e+00
9.998639999999999750e-01 0.000000000000000000e+00 0.000000000000000000e+00
9.998399999999999510e-01 0.000000000000000000e+00 9.999999999999999547e-07
9.929799999999999738e-01 0.000000000000000000e+00 1.153779999999999945e-01
9.998080000000000300e-01 0.000000000000000000e+00 3.829999999999999854e-04
9.997019999999999795e-01 0.000000000000000000e+00 0.000000000000000000e+00
9.996699999999999475e-01 3.999999999999999819e-06 0.000000000000000000e+00
9.997859999999999525e-01 3.069999999999999812e-04 0.000000000000000000e+00
1.430000000000000064e-04 9.996099999999999985e-01 0.000000000000000000e+00
0.000000000000000000e+00 9.996479999999999810e-01 2.460000000000000164e-04
3.040000000000000167e-04 9.997559999999999780e-01 0.000000000000000000e+00
0.000000000000000000e+00 9.997369999999999868e-01 0.000000000000000000e+00
0.000000000000000000e+00 9.996410000000000018e-01 5.000000000000000409e-06
4.399999999999999886e-05 9.996939999999999715e-01 0.000000000000000000e+00
3.000000000000000076e-06 9.997709999999999653e-01 0.000000000000000000e+00
0.000000000000000000e+00 9.997700000000000475e-01 5.000000000000000409e-06
1.843999999999999936e-03 9.996680000000000010e-01 0.000000000000000000e+00
0.000000000000000000e+00 9.997979999999999645e-01 0.000000000000000000e+00
0.000000000000000000e+00 9.997610000000000108e-01 3.699999999999999811e-05
2.846699999999999925e-02 9.992159999999999931e-01 0.000000000000000000e+00
0.000000000000000000e+00 9.997989999999999933e-01 0.000000000000000000e+00
0.000000000000000000e+00 9.997489999999999988e-01 9.999999999999999547e-07
2.723300000000000026e-02 9.992490000000000538e-01 0.000000000000000000e+00
0.000000000000000000e+00 9.997709999999999653e-01 1.399999999999999979e-05
0.000000000000000000e+00 9.997730000000000228e-01 0.000000000000000000e+00
4.870000000000000197e-04 9.997479999999999700e-01 0.000000000000000000e+00
0.000000000000000000e+00 9.997719999999999940e-01 9.999999999999999547e-07
7.799999999999999859e-05 9.997420000000000195e-01 0.000000000000000000e+00
1.999999999999999909e-06 9.997580000000000355e-01 0.000000000000000000e+00
0.000000000000000000e+00 9.997589999999999533e-01 0.000000000000000000e+00
2.400000000000000061e-05 9.997829999999999773e-01 0.000000000000000000e+00
9.999999999999999547e-07 9.997979999999999645e-01 0.000000000000000000e+00
0.000000000000000000e+00 9.997709999999999653e-01 0.000000000000000000e+00
7.999999999999999638e-06 9.997800000000000020e-01 0.000000000000000000e+00
0.000000000000000000e+00 9.998040000000000260e-01 0.000000000000000000e+00
9.999999999999999547e-07 9.998019999999999685e-01 0.000000000000000000e+00
2.460000000000000164e-04 9.997530000000000028e-01 0.000000000000000000e+00
0.000000000000000000e+00 9.998010000000000508e-01 0.000000000000000000e+00
0.000000000000000000e+00 9.997909999999999853e-01 9.999999999999999547e-07
1.060000000000000016e-04 9.997690000000000188e-01 0.000000000000000000e+00
4.114999999999999734e-03 9.996749999999999803e-01 0.000000000000000000e+00
0.000000000000000000e+00 9.997949999999999893e-01 0.000000000000000000e+00
0.000000000000000000e+00 9.997730000000000228e-01 9.000000000000000228e-06
0.000000000000000000e+00 9.997620000000000395e-01 0.000000000000000000e+00
1.327999999999999970e-03 9.996720000000000050e-01 0.000000000000000000e+00
0.000000000000000000e+00 9.998040000000000260e-01 0.000000000000000000e+00
0.000000000000000000e+00 9.997789999999999733e-01 0.000000000000000000e+00
2.321000000000000146e-03 9.996599999999999930e-01 0.000000000000000000e+00
0.000000000000000000e+00 9.997359999999999580e-01 1.999999999999999909e-06
0.000000000000000000e+00 9.998050000000000548e-01 0.000000000000000000e+00
2.900000000000000017e-05 9.997629999999999573e-01 0.000000000000000000e+00
6.999999999999999895e-06 9.997679999999999900e-01 0.000000000000000000e+00
9.000000000000000228e-06 9.997620000000000395e-01 0.000000000000000000e+00
1.099999999999999971e-05 9.997479999999999700e-01 0.000000000000000000e+00
0.000000000000000000e+00 9.997939999999999605e-01 0.000000000000000000e+00
8.080000000000000160e-04 9.997190000000000243e-01 0.000000000000000000e+00
1.500000000000000038e-05 9.997380000000000155e-01 0.000000000000000000e+00
1.999999999999999909e-06 9.997049999999999548e-01 0.000000000000000000e+00
0.000000000000000000e+00 9.998050000000000548e-01 0.000000000000000000e+00
0.000000000000000000e+00 9.997949999999999893e-01 0.000000000000000000e+00
1.999999999999999909e-06 9.997819999999999485e-01 0.000000000000000000e+00
3.150000000000000131e-04 9.997359999999999580e-01 0.000000000000000000e+00
0.000000000000000000e+00 9.997829999999999773e-01 1.999999999999999909e-06
0.000000000000000000e+00 9.997829999999999773e-01 9.999999999999999547e-07
2.353000000000000057e-03 9.997030000000000083e-01 0.000000000000000000e+00
0.000000000000000000e+00 9.998019999999999685e-01 0.000000000000000000e+00
0.000000000000000000e+00 9.997810000000000308e-01 0.000000000000000000e+00
3.406999999999999872e-03 9.997000000000000330e-01 0.000000000000000000e+00
0.000000000000000000e+00 9.998000000000000220e-01 0.000000000000000000e+00
2.049999999999999956e-04 9.997610000000000108e-01 0.000000000000000000e+00
3.000000000000000076e-06 9.997960000000000180e-01 0.000000000000000000e+00
0.000000000000000000e+00 9.997249999999999748e-01 7.999999999999999638e-06
0.000000000000000000e+00 9.997719999999999940e-01 3.999999999999999819e-06
1.890000000000000133e-04 9.997209999999999708e-01 0.000000000000000000e+00
1.500000000000000038e-05 9.997829999999999773e-01 0.000000000000000000e+00
2.000000000000000164e-05 9.997629999999999573e-01 0.000000000000000000e+00
9.999999999999999547e-07 9.998000000000000220e-01 0.000000000000000000e+00
9.999999999999999547e-07 9.997759999999999980e-01 0.000000000000000000e+00
3.000000000000000076e-06 9.997819999999999485e-01 0.000000000000000000e+00
9.999999999999999547e-07 9.997859999999999525e-01 0.000000000000000000e+00
0.000000000000000000e+00 9.997939999999999605e-01 0.000000000000000000e+00
2.300000000000000002e-05 9.997819999999999485e-01 0.000000000000000000e+00
2.599999999999999840e-05 9.997679999999999900e-01 0.000000000000000000e+00
0.000000000000000000e+00 9.997840000000000060e-01 0.000000000000000000e+00
4.090000000000000211e-04 9.997509999999999453e-01 0.000000000000000000e+00
5.500000000000000196e-05 9.997639999999999860e-01 0.000000000000000000e+00
0.000000000000000000e+00 9.997390000000000443e-01 9.899999999999999404e-05
0.000000000000000000e+00 9.998059999999999725e-01 0.000000000000000000e+00
2.262000000000000122e-03 9.997129999999999628e-01 0.000000000000000000e+00
2.968000000000000152e-03 9.996650000000000258e-01 0.000000000000000000e+00
7.799999999999999859e-05 9.997279999999999500e-01 0.000000000000000000e+00
2.557999999999999944e-03 9.997009999999999508e-01 0.000000000000000000e+00
9.999999999999999547e-07 9.997960000000000180e-01 0.000000000000000000e+00
0.000000000000000000e+00 9.997420000000000195e-01 0.000000000000000000e+00
1.489999999999999897e-04 9.996969999999999468e-01 0.000000000000000000e+00
5.199999999999999680e-05 9.996939999999999715e-01 0.000000000000000000e+00
0.000000000000000000e+00 9.997270000000000323e-01 0.000000000000000000e+00
1.640000000000000019e-04 9.997350000000000403e-01 0.000000000000000000e+00
1.800000000000000046e-05 9.997850000000000348e-01 0.000000000000000000e+00
0.000000000000000000e+00 9.997779999999999445e-01 6.000000000000000152e-06
1.099999999999999971e-05 9.997899999999999565e-01 0.000000000000000000e+00
1.087000000000000076e-03 9.997329999999999828e-01 0.000000000000000000e+00
9.999999999999999547e-07 9.997979999999999645e-01 0.000000000000000000e+00
0.000000000000000000e+00 9.997740000000000515e-01 9.000000000000000228e-06
0.000000000000000000e+00 9.997789999999999733e-01 5.000000000000000409e-06
1.800000000000000046e-05 9.997530000000000028e-01 0.000000000000000000e+00
0.000000000000000000e+00 9.997939999999999605e-01 0.000000000000000000e+00
9.999999999999999547e-07 9.997800000000000020e-01 0.000000000000000000e+00
3.996000000000000420e-03 9.996690000000000298e-01 0.000000000000000000e+00
2.970100000000000171e-02 9.990799999999999681e-01 0.000000000000000000e+00
0.000000000000000000e+00 9.997939999999999605e-01 0.000000000000000000e+00
0.000000000000000000e+00 9.997479999999999700e-01 3.999999999999999819e-06
8.710000000000000294e-04 9.997289999999999788e-01 0.000000000000000000e+00
1.504400000000000008e-02 9.994180000000000286e-01 0.000000000000000000e+00
0.000000000000000000e+00 9.996890000000000498e-01 0.000000000000000000e+00
1.200000000000000030e-05 9.997819999999999485e-01 0.000000000000000000e+00
0.000000000000000000e+00 9.997920000000000140e-01 0.000000000000000000e+00
1.853000000000000046e-03 9.997019999999999795e-01 0.000000000000000000e+00
2.559999999999999884e-04 9.997390000000000443e-01 0.000000000000000000e+00
0.000000000000000000e+00 9.997930000000000428e-01 0.000000000000000000e+00
0.000000000000000000e+00 9.997179999999999955e-01 5.460000000000000443e-04
0.000000000000000000e+00 9.997890000000000388e-01 0.000000000000000000e+00
8.628999999999999518e-03 9.996340000000000225e-01 0.000000000000000000e+00
0.000000000000000000e+00 9.998050000000000548e-01 0.000000000000000000e+00
0.000000000000000000e+00 9.997650000000000148e-01 0.000000000000000000e+00
2.053800000000000070e-02 9.994260000000000366e-01 0.000000000000000000e+00
9.999999999999999547e-07 9.997880000000000100e-01 0.000000000000000000e+00
0.000000000000000000e+00 9.997110000000000163e-01 1.227999999999999925e-03
0.000000000000000000e+00 9.997930000000000428e-01 0.000000000000000000e+00
6.165999999999999606e-03 9.996690000000000298e-01 0.000000000000000000e+00
0.000000000000000000e+00 9.997390000000000443e-01 9.999999999999999547e-07
0.000000000000000000e+00 9.997719999999999940e-01 6.000000000000000152e-06
3.300000000000000253e-05 9.997409999999999908e-01 0.000000000000000000e+00
3.199999999999999855e-05 9.997639999999999860e-01 0.000000000000000000e+00
0.000000000000000000e+00 9.997599999999999820e-01 5.700000000000000314e-05
0.000000000000000000e+00 9.997779999999999445e-01 9.999999999999999547e-07
5.270000000000000162e-04 9.997120000000000450e-01 0.000000000000000000e+00
0.000000000000000000e+00 9.997939999999999605e-01 0.000000000000000000e+00
1.999999999999999909e-06 9.997829999999999773e-01 0.000000000000000000e+00
1.193999999999999966e-03 9.996279999999999610e-01 0.000000000000000000e+00
0.000000000000000000e+00 9.997829999999999773e-01 9.999999999999999547e-07
0.000000000000000000e+00 9.997570000000000068e-01 9.999999999999999547e-07
1.764560000000000017e-01 9.837780000000000413e-01 0.000000000000000000e+00
0.000000000000000000e+00 9.996249999999999858e-01 9.000000000000000228e-06
0.000000000000000000e+00 9.997939999999999605e-01 0.000000000000000000e+00
3.815999999999999948e-03 9.996639999999999970e-01 0.000000000000000000e+00
9.999999999999999547e-07 9.998010000000000508e-01 0.000000000000000000e+00
0.000000000000000000e+00 9.997880000000000100e-01 0.000000000000000000e+00
7.718000000000000034e-03 9.996350000000000513e-01 0.000000000000000000e+00
2.220000000000000022e-04 9.997380000000000155e-01 0.000000000000000000e+00
0.000000000000000000e+00 9.997519999999999740e-01 1.029999999999999964e-04
0.000000000000000000e+00 9.997890000000000388e-01 0.000000000000000000e+00
1.299999999999999920e-05 9.997570000000000068e-01 0.000000000000000000e+00
0.000000000000000000e+00 9.997679999999999900e-01 9.999999999999999547e-07
2.100000000000000087e-04 9.997460000000000235e-01 0.000000000000000000e+00
0.000000000000000000e+00 9.998019999999999685e-01 0.000000000000000000e+00
0.000000000000000000e+00 9.996770000000000378e-01 6.049999999999999606e-04
1.569999999999999944e-04 9.997559999999999780e-01 0.000000000000000000e+00
1.050000000000000044e-04 9.997700000000000475e-01 0.000000000000000000e+00
0.000000000000000000e+00 9.997920000000000140e-01 0.000000000000000000e+00
6.000000000000000152e-06 9.997840000000000060e-01 0.000000000000000000e+00
