-0.000000000000000000e+00
1.189043131349060145e+00
2.636965677888241100e+00
4.347279463665427279e+00
5.320400079381996328e+00
5.976677692198994585e+00
6.541648649671395255e+00
7.410233875988034846e+00
7.635838048156609048e+00
8.086390913045573114e+00
8.363093022380169828e+00
8.663048067639763872e+00
8.766869503872349867e+00
9.044852720454397144e+00
9.284721277015023588e+00
9.445123817536138944e+00
9.644479543145244804e+00
1.001445901125417315e+01
1.029033279447131655e+01
1.049762880840812329e+01
1.081749860886516856e+01
1.099495082858726036e+01
1.121798765028346168e+01
1.145329482220263095e+01
1.161681376311133285e+01
1.173997675794454665e+01
1.188009845699829370e+01
1.211700051101611209e+01
1.225304352935742180e+01
1.232911039083302640e+01
1.251570083126677879e+01
1.266804409899122952e+01
1.278403471200404873e+01
1.292856841063868778e+01
1.306501589396748564e+01
1.314978686724724710e+01
1.327786120809623505e+01
1.337916780381682536e+01
1.347689401230603323e+01
1.364268423034435251e+01
1.371707111881812402e+01
1.382628907495126924e+01
1.396307253872194742e+01
1.407696038634011693e+01
1.421528798575997321e+01
1.431293502485188895e+01
1.440053666514049446e+01
1.447133464171221817e+01
1.456730075002209368e+01
1.463816932026858275e+01
1.468523723708462825e+01
1.481214163968942010e+01
1.489415381280868189e+01
1.502717250460542431e+01
1.509727958538957182e+01
1.512635524824387367e+01
1.517827373486225007e+01
1.529010002048246442e+01
1.536249307620604476e+01
1.545748158879005807e+01
1.551546420928985093e+01
1.557137598980128779e+01
1.563039861103425032e+01
1.572852571373129216e+01
1.576979180142814307e+01
1.585931932308181302e+01
1.595994016054153697e+01
1.603466207783530351e+01
1.608522422258456430e+01
1.612810129118665969e+01
1.620082396247518020e+01
1.624486507344881048e+01
1.631161016753587134e+01
1.636712916008933405e+01
1.642690393999711063e+01
1.649576431242947194e+01
1.652626024991847231e+01
1.657058764542710350e+01
1.661923324376648026e+01
1.668574790964622778e+01
1.676882688832437651e+01
1.681932111692647780e+01
1.685220377128953828e+01
1.688134489510563085e+01
1.692952243761014586e+01
1.695843549014080054e+01
1.698920686188987261e+01
1.705416410892142309e+01
1.708603145176969207e+01
1.713124237974170683e+01
1.715821333516463199e+01
1.724747943497985503e+01
1.729411782817959420e+01
1.735401639745853686e+01
1.744261231515785227e+01
1.750888212543956612e+01
1.755342256581315752e+01
1.761388546976408520e+01
1.765155811350416570e+01
1.771575913697993343e+01
1.777033458000655841e+01
1.779805091834548847e+01
1.783881964393980013e+01
1.789496279883143615e+01
1.792827412072684723e+01
1.796706711054498129e+01
1.799592228760583623e+01
1.803594839688151907e+01
1.806499333217610825e+01
1.810888006637060954e+01
1.814368966977648512e+01
1.817607157497257120e+01
1.825359922952747027e+01
1.827693212280222568e+01
1.832510098580826963e+01
1.836119495305825211e+01
1.840186671631231263e+01
1.842586982960098396e+01
1.845597747697080848e+01
1.848171517042218781e+01
1.850869500475020502e+01
1.856557941314762417e+01
1.861179493920828065e+01
1.862826582457546465e+01
1.865799301187311698e+01
1.870440383235652959e+01
1.875391533023011448e+01
1.880171863450511793e+01
1.883865291071509063e+01
1.886228770705536917e+01
1.889355238356202094e+01
1.892211470010536090e+01
1.897423380965339490e+01
1.901334667521376787e+01
1.906783761416152956e+01
1.909762391462094300e+01
1.912084774050300950e+01
1.913493579380770981e+01
1.915840984865359431e+01
1.918629574494151413e+01
1.921856689242295957e+01
1.924490304083167302e+01
1.929781921538004852e+01
1.931996503584563030e+01
1.935953641545241410e+01
1.938010629500051962e+01
1.943460424385182961e+01
1.946097923246399475e+01
1.952193076476718048e+01
1.951976934691196419e+01
1.951708327173140489e+01
1.951735195775064113e+01
1.951462634354955838e+01
1.951455467843155134e+01
1.951419675071067417e+01
1.951546965811876078e+01
1.951424900726372869e+01
1.951301796184905513e+01
1.951185044830494419e+01
1.951162706469946428e+01
1.950939318810969780e+01
1.950743507325343984e+01
1.950645300914961666e+01
1.950671441565623709e+01
1.950545681463728442e+01
1.950422918137918415e+01
1.950328191199497851e+01
1.950247775870310107e+01
1.950134680514711150e+01
1.950079025609289118e+01
1.950228869184052982e+01
1.950209121090389175e+01
1.950159420087619822e+01
1.950115025117993639e+01
1.950026962564169608e+01
1.949992661432633057e+01
1.949892668293107079e+01
1.949816889641667572e+01
1.949659460878460848e+01
1.949746038209318399e+01
1.949777605309217066e+01
1.949639773251425012e+01
1.949535738056469114e+01
1.949467817833208372e+01
1.949506842640396087e+01
1.949444561339994664e+01
1.949288026964461906e+01
1.949199689713572781e+01
1.949157294196262669e+01
1.949162661010106135e+01
1.949064392450716809e+01
1.948986397908418411e+01
1.949114298579577209e+01
1.949000755758595460e+01
1.949181701493436947e+01
1.949307545930180297e+01
1.949530380812203845e+01
1.949413814931803302e+01
1.949450216098459876e+01
1.949556719955428008e+01
1.949812105502365966e+01
1.949683807308365147e+01
1.949495659757014820e+01
1.949406417346867215e+01
1.949756548324257110e+01
1.949900289165226397e+01
1.949845029342090896e+01
1.949738715091351082e+01
1.949636176022337608e+01
1.949895485714238674e+01
1.949765923536334711e+01
1.949628277047245462e+01
1.949506990755282487e+01
1.949678508770125518e+01
1.950041947632533734e+01
1.949941879776607934e+01
1.949892475264857694e+01
1.949781992678419584e+01
1.949724081345667059e+01
1.950224548917878309e+01
1.950371478236382217e+01
1.950384803840031367e+01
1.950410654572857894e+01
1.950230381149286529e+01
1.950128381427662561e+01
1.950964367832455437e+01
1.950984177140776410e+01
1.951621897915570969e+01
1.951520200389094484e+01
1.953523494624247903e+01
1.955230776175583074e+01
1.955210857669345970e+01
1.955815326418473532e+01
1.956700812638045406e+01
1.957175862835364910e+01
1.957099217355689191e+01
1.961139074666645854e+01
1.961330069549824628e+01
1.961495332923061952e+01
1.961567989760381892e+01
1.961986593585587713e+01
1.961997978996227232e+01
1.962200104231961006e+01
1.962627366402577422e+01
1.962518840717188695e+01
1.964242409551219026e+01
1.964317480895207879e+01
1.966894302423261465e+01
1.967501750185907383e+01
1.970698389659265004e+01
1.970779680351697749e+01
1.971586599264838569e+01
1.971558789836808856e+01
1.975312405642870317e+01
1.981625186129263128e+01
1.987767123886900578e+01
1.991964097128262168e+01
1.992169392346341539e+01
1.997587735742224879e+01
2.000367255068588079e+01
2.005896586068985954e+01
2.005923072014224218e+01
2.005944113356434855e+01
2.006054523378955423e+01
2.006501533721092301e+01
2.006534688972584490e+01
2.006825973497936744e+01
2.006934227113364955e+01
2.007145232375494714e+01
2.007234456154328228e+01
2.010054810294175809e+01
2.010169946186042367e+01
2.010338059673588518e+01
2.010473562791865021e+01
2.010615807358274765e+01
2.010685965146645060e+01
2.010894935332895983e+01
2.010896857284412675e+01
2.010938206206937195e+01
2.010967487276834831e+01
2.010909291708060920e+01
2.010927242017049466e+01
2.012212300051270475e+01
2.012255008098586018e+01
2.012281229290536899e+01
2.012437337472726639e+01
2.012543321346538860e+01
2.012518190010774077e+01
2.012510659811556124e+01
2.013356643712463168e+01
2.016476332620384326e+01
2.016932292229142476e+01
2.027642553638528256e+01
2.027666617257872161e+01
2.028191736697583281e+01
2.029420532704079250e+01
2.029407716247749605e+01
2.029487917844152278e+01
2.030542468184458471e+01
2.030670342840002363e+01
2.030662837374060814e+01
2.038347455951237919e+01
2.042737805977503029e+01
2.042729617781032303e+01
2.050602642928966191e+01
2.050924952237288323e+01
2.051003276371573136e+01
2.051062721551168266e+01
2.051159537866216098e+01
2.051305652692181880e+01
2.051356667109214627e+01
2.051565139885877187e+01
2.056381593205799874e+01
2.059580575794990054e+01
2.059915980211019360e+01
2.061841016855315800e+01
2.061816077542679437e+01
2.070350151210329415e+01
2.074542328939565294e+01
2.074633709801113213e+01
2.084408809148317943e+01
2.084466711228768432e+01
2.089755782584232335e+01
2.089900001976647204e+01
2.089949802769075404e+01
2.089999066404891437e+01
2.089997811816126472e+01
2.090892254627190638e+01
2.092440150810144672e+01
2.093434738417793994e+01
2.093515118131196218e+01
2.093705879089803901e+01
2.093829721797327181e+01
2.094069401037031852e+01
2.094139683208260294e+01
2.094717474295325133e+01
2.094709320463175217e+01
2.094709273282739659e+01
2.104099793881124825e+01
2.104267553921670597e+01
2.104584457494153682e+01
2.104675796505159724e+01
2.104833033780746376e+01
2.104989789686501211e+01
2.105059713060100535e+01
2.105125130003225919e+01
2.105326140115465705e+01
2.105754364363012598e+01
2.108865341585317310e+01
2.108992890474383941e+01
2.110541340072600036e+01
2.110588064841510558e+01
2.112845282554002324e+01
2.115141273292952206e+01
2.119687540253538671e+01
2.120740175409233430e+01
2.120851203877426627e+01
2.120973596337972111e+01
2.128437025457049359e+01
2.132405360875604927e+01
2.132471752973185275e+01
2.133313395661685874e+01
2.133347514598249006e+01
2.133449670302334766e+01
2.133514810500829384e+01
2.136408697584623795e+01
2.136473362745280014e+01
2.136519641489597277e+01
2.139033259481279714e+01
2.142325881557907863e+01
2.144881705423360430e+01
2.146933462763944434e+01
2.148661244430119410e+01
2.150785653940940634e+01
2.152239093174488715e+01
2.155816552362462346e+01
2.158031526674532330e+01
2.160795087868862296e+01
2.162688078728865193e+01
2.164426632348720503e+01
2.168305406841178140e+01
2.171281036245165552e+01
2.174178426577997314e+01
2.176236720170443917e+01
2.181566309435012485e+01
2.181589317158857710e+01
2.181578794660254061e+01
2.181539167409007263e+01
2.181558679053161853e+01
2.181542855616692833e+01
2.181553252583024616e+01
2.181548846649500462e+01
2.181519890647965454e+01
2.181491950896407062e+01
2.181478506134151729e+01
2.181459478204290647e+01
2.181444374033909384e+01
2.181443689739025160e+01
2.181425835667443991e+01
2.181404526700211832e+01
2.181392719770185451e+01
2.181381597180898524e+01
2.181369818564828478e+01
2.181363216061131993e+01
2.181336273705608519e+01
2.181327613847791724e+01
2.181312722308068786e+01
2.181304190867231441e+01
2.181296705076039899e+01
2.181289413525011156e+01
2.181272492485956249e+01
2.181272145633751336e+01
2.181253245767440418e+01
2.181229531738075522e+01
2.181212779626504528e+01
2.181208152406206580e+01
2.181192197458553039e+01
2.181174280200003679e+01
2.181184661233734801e+01
2.181167110761650818e+01
2.181173491346632787e+01
2.181182361695403671e+01
2.181165891879037133e+01
2.181139334992284162e+01
2.181125421518572338e+01
2.181090657936276855e+01
2.181061102971754906e+01
2.181035845218173463e+01
2.181032080989689703e+01
2.181013377342916826e+01
2.180997576894649725e+01
2.180992731625112668e+01
2.180980305675777231e+01
2.180970138835358796e+01
2.180976300295253978e+01
2.180987537914007390e+01
2.180978879443337348e+01
2.180953361479639341e+01
2.180964043511769290e+01
2.180959574461850892e+01
2.180960517744625449e+01
2.180967722630246541e+01
2.180957531420002837e+01
2.180981600625703365e+01
2.180981416559828290e+01
2.180973077923102466e+01
2.180968013026639341e+01
2.180964190440588268e+01
2.180950225261432962e+01
2.180912294204967594e+01
2.180905672606351331e+01
2.180888884307614717e+01
2.180862465763786062e+01
2.180835692055955022e+01
2.180818747546853231e+01
2.180831486385489981e+01
2.180843108666734054e+01
2.180830768599412650e+01
2.180806760313519277e+01
2.180784606792451541e+01
2.180788867734642622e+01
2.180773939279079698e+01
2.180778775098674416e+01
2.180785466324276811e+01
2.180816155263106992e+01
2.180806679541360893e+01
2.180806142113299728e+01
2.180807634046577803e+01
2.180827708089520200e+01
2.180822187120086397e+01
2.180862782131696420e+01
2.180846311205419497e+01
2.180911800786568833e+01
2.180894587701312659e+01
2.180883566891313308e+01
2.180887840761220531e+01
2.180865799201481181e+01
2.180884427876877751e+01
2.180875185714555187e+01
2.180924520893933405e+01
2.180943712910278620e+01
2.180934459510005752e+01
2.180934794570330482e+01
2.180926939823594424e+01
2.180908145228834272e+01
2.180905723685732767e+01
2.180904957454277948e+01
2.180869301292144513e+01
2.180883728038588742e+01
2.180931694886189476e+01
2.180988092023441283e+01
2.180979193110685443e+01
2.180960619480571339e+01
2.180926327552743516e+01
2.180988331560694249e+01
2.181014386399467497e+01
2.181028538014595952e+01
2.181016025938861347e+01
2.180994590789548937e+01
2.181123971826027486e+01
