2.5
2.471798432138392
2.426447235472362
1.510163177804807
2.5
2.343095272158999
1.520450514816226
1.884872577485777
2.365350336487398
1.811117915580472
1.880457898612772
1.431018102041181
1.177306725279121
1.196832780318989
1.267023253361809
1.121177697250363
1.419241028354382
1.053726362123141
0.9497416063655915
0.827103943973327
1.058543150054821
0.8783290682604111
0.88427227768078
0.6916379696377449
0.5981413111345153
0.7480665084283316
0.9209731771222894
0.6951831829126677
0.6325858615667266
0.5178097505030084
0.6523982349976583
0.7366916891577411
0.6689468643113634
0.8566042817897339
0.8733951029515044
0.5487580399739738
0.5563157531222613
0.9260914247176831
1.187393259390696
0.713783162645622
0.4816127448337703
0.4491663661977993
0.4936097012105451
0.6224585683514889
0.4614454914979874
0.4462103354362559
0.6737301048171374
0.6092750785978239
0.5593486224650627
0.4873088392967259
0.4415469055751983
0.4444730414177472
0.414704493986551
0.4497745622512606
0.2972696132128799
0.3073811260673305
0.5569218054541601
0.7219865082826069
0.4559322337653983
0.6584224171310449
0.6322838363511947
0.5016837095459207
0.6313149946749128
0.4886713239500788
0.4978610671030406
0.5098770809086207
0.3474180678696734
0.426201344201206
0.3934549655926984
0.3825640091625182
0.2632228852994309
0.2784457747331474
0.2758038422721301
0.2273849688488382
0.365715379756214
1.197195253189562
0.4974015288613698
0.4728987932053119
0.3445560437536922
0.3259547144330924
0.6034658187341859
0.9779061987064599
0.9439043221315996
0.6218921713876612
0.4170740326245708
0.2691513974681563
0.2187756828069412
0.3072735234108767
0.4211606461249723
0.2945158487283578
0.2375919560435646
0.1958955810651648
0.2993530486040759
0.4739322071571009
0.2938183352496903
0.2564547266925705
0.2617567548027137
0.2283072803935693
0.2631687403973796
0.2284672865095287
0.2375119958224033
0.4462741714369876
0.3560513633572299
0.2192152205708069
0.2943350399140346
0.903379631894312
0.6573757948139637
0.3810021662449801
0.1698014112787316
0.2137681296109137
0.4321448752281579
0.9934573133768204
0.3041674634152532
0.2739118273548214
0.270975327754003
0.3794991408907921
0.2129568776869426
0.1776388366563218
0.19468514352492
0.3551418273065859
0.3383074223102041
0.2136056101587727
0.2435157760550899
0.2949877272172525
0.2115968368260266
0.2963071131717301
0.2581563062836043
0.2629836804095574
0.2414768443126842
0.2604971504282034
0.252687549841962
0.249708359778823
0.2953031057565472
0.228380609107351
0.2359096959142311
0.196789994859804
0.1637261941260142
0.178346888673308
0.2205515037926336
0.2072276245276148
0.2924717902596654
0.3150907241317505
1.201982403951179
0.2109111113763495
0.1787498146681594
0.2391386363861514
1.056109035415123
0.2069286611778531
0.1659434484578955
0.2588418876253996
0.6316033673239763
0.2371648964518684
0.1358460451539211
0.2608365036141393
0.4299354170737826
0.1786444854415914
0.1655258470300411
0.17912628722163
0.3983457611211572
0.5955694591078678
0.1836414459212624
0.1290838111206275
0.5135111397031202
0.3385287559923869
0.1629679421611419
0.1492159491036872
0.1492559715095532
0.1637026341467225
0.145419714744574
0.155153750299921
0.1332489123789722
0.1239923718734864
0.1357860736543485
0.2220560458721582
0.178639433358644
0.148750680755287
0.1409539843312897
0.1347244359555127
0.1266165820598228
0.1398779553662543
0.1317922175950174
0.1216970121082311
0.1252253395880713
0.3003603772524548
0.3338418752935299
0.1185263840621884
0.1804136247086413
0.2267268499367739
0.1495407420785448
0.1433522676496933
0.1654193014130728
0.229485975665383
0.1091958658046065
0.1862236468148917
0.2344699413713136
0.1709953876115194
0.1571023276421331
0.2931675464386652
0.2743252045424168
0.1743699080290015
0.1021096828048385
0.2286112785119513
0.2951653782376966
0.5254878407421946
0.379598102060946
0.4898763774319368
0.160091744084577
0.1267107240878834
0.1410076554745366
0.1948472268910393
0.273528181408984
0.260444805852599
0.2478493506619064
0.283266955541579
0.1656498689653678
0.2068840453245719
0.1476326659323409
0.1191241987416194
0.09489044681206718
0.1290407310937987
0.1607965917608999
0.1010941508316521
0.1770056076133142
0.2107483741121121
0.2114624598101194
0.2081718851102046
0.08275088005583847
0.09665189917087494
0.1623937493931482
0.1484641766796518
0.09027362478170239
0.1414207937223905
0.2992803932586138
0.1674486001837961
0.09491217748822525
0.1736738438474846
0.1900115031080207
0.1310222183659521
0.1163472110830916
0.1015923474741721
0.1958924871231638
0.1570882759722986
0.3333420014705155
0.5609531926703342
0.4234157243631782
0.3313826848901105
0.3339763041948282
0.226182694719843
0.185494321689559
0.1113854314974693
0.09318567170852908
0.1966840829734852
0.1747581222423086
0.1078750438176054
0.08889917035082615
0.08838177627480488
0.1526326384561798
0.1076016180701814
0.1125484887082034
0.192825846901599
0.1433236244333956
0.08682576916944304
0.06877034844995299
0.1435992259893902
0.1190042926463995
0.1071209773113659
0.1172047236487807
0.1479857068980442
0.1041034253167389
0.09788863810939825
0.07739956364061003
0.141634223052898
0.1333746516809899
0.1507976537130318
0.5056734766327391
0.6882813098049313
0.2731665224569711
0.1009642604317273
0.108130559742794
0.9913476186407246
0.1665118465991008
0.1477296463178447
0.1815068824270171
1.077053650920971
0.1196247963327478
0.08332758057070383
0.09724702494921091
0.08834081528634471
0.08512212084815786
0.09201312634348544
0.1915487992916015
0.1076046166561893
0.1186786754239953
0.07041123814155513
0.1158865041607257
0.1040046654502676
0.09499431504628128
0.06372066147637467
0.1254368824333633
0.190463073491207
0.1237181488288596
0.09844287745090129
0.1247166933517965
0.09587907719014055
0.1136078404575892
0.106997826485498
0.1232691486202609
0.1085311227798147
0.06837097531188174
0.09732789429562008
0.09573678336590506
0.2183619048844138
0.1866415947345576
0.08369776080476664
0.1233073624811297
0.1052882725132791
0.07382288978681566
0.08425006077767572
0.2136990638875675
0.4685272231657958
0.08154578815019053
0.1197831389846773
0.08642382882899631
0.06703383579522179
0.1455838962320361
0.9831380893548891
0.1175143089425464
0.06469091597866329
0.05848527247478756
0.08683133917387759
0.2257952818204988
0.0748885047093665
0.1007771879718004
0.1121899750354061
0.07546745123342528
0.1607134296541666
0.1107481476289368
0.2213304554854527
0.1825018754028647
0.09718812340346548
0.1219514889367319
0.3895680427646082
0.363990633874777
0.396656666690218
0.3862870247489012
0.1275402052224065
0.05392824708449678
0.1433252905977598
0.09020759847708353
0.09324232508827815
0.1461247600423671
0.09996110765446183
0.08844418519107931
0.07774293707915447
0.07001877831629648
0.08646557267005625
0.06066213453135477
0.06835912442917412
0.1433467533699634
0.2139845456666526
0.06583593015694031
0.0603100731399516
0.05241478780758145
0.1598183862311045
0.2970621141870426
0.4904915572077326
0.1699995267685303
0.05637520415703229
0.1294920316048546
0.4166408943021005
0.3250096671077191
0.09620487313449771
0.05039133219571243
0.0910195879328789
0.09372654987970915
0.1013940650721215
0.1020009016847728
0.07924759897684928
0.07072792011520396
0.0976485863785255
0.1039368537315544
0.1088891147533873
0.09221996814896494
0.1416648897344952
0.2697409932624303
0.254041676295803
0.3238755866068118
0.07674395588896656
0.06174452252865951
0.2293326445060613
0.4545913702864446
0.356509315803113
0.1089185193268319
0.1456560054721919
0.1908750063946812
0.219700239714921
0.1195202483587107
0.3427852097947265
0.3009367646928834
0.1136825287524994
0.07429091859724994
0.1284189355274208
0.09425968010313175
0.05223672320892123
0.1081523540843246
0.05503291901138281
0.07088027899488471
0.09512203978576771
0.1150154061871565
0.04785482356060722
0.1865862414063624
0.3508514055479179
0.2595685014041221
0.09179943754673452
0.06381769126695734
0.1153331057161809
0.1241765848468559
0.04705269595066749
0.1562069351706465
0.2353724286754469
0.09500514011800482
0.06719329755505171
0.1122544654924092
0.1776107255563747
0.1201562798987264
0.08494700066581135
0.1131393085890724
0.1160352289377359
0.07904510068103587
0.1017992314940226
0.07670691671467253
0.1171643572977841
0.07552605948334984
0.1128418572801735
0.08533751269761163
0.05397592786097204
0.05534103576175155
0.05359747339663114
0.05555354928840969
0.05814599464750033
0.04819637108827703
0.04401552833222477
0.05194598974784422
0.09820027743892325
0.08400319792936861
0.08052593085510165
0.06527963676927799
0.0677577561879537
0.06377142752620155
0.2444812348096848
0.07291070328460177
0.082612858041888
0.2150720698941154
0.1426863036012319
0.05871608525852534
0.117277721720356
0.2324250926385332
0.09750514697368268
0.05851145125494847
0.05016369366257929
0.1918383771059667
0.8522000374099309
0.1965833806490023
0.05136770215474421
0.1061405775707173
0.05900255805254665
0.06374030950429115
0.1540564337016901
0.3688276679207638
0.1304355910585789
0.05856785908154526
0.06652415045534103
0.4052767579037816
0.3266488607877484
0.231071780424096
0.07581482737908112
0.04875545631279922
0.08118990547547729
0.04520995876995024
0.04351318968067563
0.04438639076456723
0.05422909994180773
0.07875476793278242
0.04255710164806934
0.1711430004048964
0.5593508991890944
0.2358955623286292
0.07493742310047227
0.0536211605369617
0.09871488499952971
0.4657397804600708
0.2189857802148452
0.05457560417208826
0.04476160631554752
0.7280332889328657
0.1227343286505484
0.03551389493782704
0.05211818576507361
0.1205122282846584
0.05799702058447258
0.112112591480072
0.04997158158792762
0.06227455169639552
0.2525459080603191
0.2388307651941685
0.1334446935625514
0.04178147500067508
0.07256663239584323
0.2124335392316607
0.04522911629469086
0.04561228648457504
0.04127270063808314
0.08292386513519669
0.0854711737512307
0.05456586364879513
0.1507031345181753
0.3018371112200184
0.06184929875912148
0.05962192455007141
0.1593992239641949
0.2627948846100577
0.07745551433475702
0.05564582623230647
0.07386693083192417
0.07016396072079523
0.1409873573746432
0.04576285312630314
0.05623227708490674
0.04506075140415694
0.04264559829604578
0.04008245703956413
0.04464648918220836
0.06026998538734826
0.0684343303187985
0.0465154610125712
0.04717139457269681
0.04910672443019705
0.2391369777276393
0.0580736863484707
0.320557356553855
0.1867090982627347
0.1627460318873815
0.06955244084506662
0.06773810396187864
0.1103202353648291
0.04127450276478199
0.04074118263294733
0.09846958363222227
0.0560637591477756
0.09021458372136504
0.06836914332054131
0.04425613952939905
0.04079544065173356
0.04499739299621496
0.0618398407024284
0.05158162364396649
0.04201682481434622
0.05677019987567784
0.1429329438343502
0.07938307425486937
0.0428305305890978
0.2179622697886405
0.04633087367241091
0.05965664036392295
0.1226578831114891
0.1274576948226862
0.0401757395115224
0.06172541234425975
0.08871365637196493
0.04066096008534303
0.03765939834486787
0.04298914217266411
0.1943683810583098
0.08300021962910935
0.1341464461524053
0.03629325249562506
0.0802134411913888
0.04400197930642429
0.1134701700371148
0.0425464999863542
0.1578179545944431
0.04975740085069871
0.03725096202399865
0.03603900423771994
0.04228494705308234
0.0502976769921936
0.08025939784295327
0.05427134129034238
0.05089059868457972
0.05469604125255368
0.05403945689560886
0.03500311153157357
0.1645457306660119
0.04721950029652768
0.124635656020895
0.3271508085966222
0.06311186814622864
0.06519623804400772
0.0578258099183601
0.1296227375425516
0.9144177392197289
0.2545650321612278
0.149017706094373
0.03310290190443269
0.05669873822872452
0.05107046146226638
0.04277993220239235
0.06362667308818752
0.04125258318479852
0.03509354282411704
0.0392610800068609
0.1205541002014198
0.03340215629997322
0.1931595587949131
0.07882151734198263
0.06260760770224963
0.0395137540635592
0.05733813092394725
0.04186888877513952
0.03896516451143893
0.0396971751752188
0.06370378480821391
0.03719269004664161
0.03918130445994641
0.03715935673594773
0.06937838471364692
0.0338579335768481
0.03129475089002537
0.03919019280053389
0.03285308682574078
0.03314434902069251
0.04767004851441746
0.04515304621449848
0.05118777095591478
0.1704153331619898
0.03461811804115652
0.04481958507196042
0.1780470234964658
0.1053634367117949
0.09940219814573276
0.1923464391510568
0.03228134476077833
0.05711305923114762
0.1689442101436556
0.03972901980379816
0.03206386193322472
0.08028311175691942
0.1282637105292825
0.03675204512485691
0.253410292635223
0.2334466853676732
0.3795897193015982
0.4879519457292453
0.7181461870793433
0.06770111697673935
0.04066991549818131
0.05792940604543281
0.06317227778306665
0.06129989981315111
0.1515436664653499
0.03162317767976145
0.0997214439988582
0.03700965875246244
0.1393194505564981
0.04711132810302411
0.04448168152300574
0.03873775476214577
0.03658771346120241
0.03029100694883
0.03370080469906069
0.03684651008579002
0.04304235487865336
0.1321692863113453
0.05427421424108272
0.03341671258079155
0.03322478892023133
0.04651336022675417
0.04837286622252527
0.08981272570234343
0.0374574508027939
0.1222368156962186
0.03035679799020017
0.03494702020049192
0.02908377502500552
0.04142933822441478
0.06559782156182054
0.0668850790955814
0.09065922040636423
0.09302390429385968
0.05478298458300969
0.09188363313244324
0.04277757294656437
0.04388417167109673
0.08510029728537755
0.1704607348057039
0.03147221897377799
0.02764872102296791
0.03940760264464479
0.03023971106728589
0.02958854238094865
0.03116130203393504
0.0982982947727877
0.02807271742848753
0.02807052818991955
0.04475735686291232
0.07847752455928704
0.0388333732443437
0.08724184940871856
0.02979406370219813
0.05309088622307202
0.08625183813461572
0.05384028686221513
0.03495604253587033
0.04818621573814241
0.03619734545252519
0.09026888458697283
0.08126179957208206
0.05049327787727644
0.03486466712403602
0.05262710496753289
0.07147045390938847
0.04607989600189383
0.05980658245170356
0.03410209594344917
0.2536749422031138
0.04128986856724537
0.1680302229261246
0.2776799638575553
0.05893607515040834
0.03447351548314441
0.2939842141234749
0.1589575287586222
0.04418269594413971
0.05800647269048716
0.08261795718566924
0.06024214537885104
0.1007881586347927
0.0319861847418545
0.1028960185828137
0.02888411623618584
0.02829904293886204
0.03324213771029634
0.02969952347533787
0.02909439830248807
0.02581941791016677
0.03802699815813912
0.04281452942079899
0.07632066371935815
0.06542723314776905
0.08174292279189513
0.03520424326131399
0.1326470359226414
0.08752627374387133
0.118126793374098
0.04233075162806867
0.03777411213415276
0.05126786369184317
0.0278438008464843
0.02824379923693407
0.03091151290319029
0.05013143381536772
0.05266164735631254
0.03099637995270809
0.03175161019983171
0.03504665259813259
0.03898239556236797
0.05414563378760315
0.06449161941881609
0.02594891981705429
0.0904458025755895
0.06875634225719419
0.06012392740167244
0.03100646018152525
0.02841120221810758
0.07162006138383914
0.06765961076506702
0.04346546624316065
0.08238103397999823
0.03492321994804328
0.02357678712732918
0.03145698701961566
0.07721583863744653
0.03970764976295316
0.05031208015363908
0.04218536150426697
0.02436034414706214
0.08148726123622793
0.03794748391415989
0.0411519462449585
0.03499101337764105
0.02736173074066805
0.03847223906291668
0.09664262864262529
0.05418366453925454
0.0287411193944659
0.1377424075268315
0.02762389075771358
0.05775902284234718
0.03264325747203154
0.06155208452290156
0.06250655415725033
0.2769900726174196
0.5325713590631108
0.04199937103965892
0.07113231323362319
0.02872180849802781
0.187699946808124
0.02951556999946445
0.1175808257425051
0.06339268280167455
0.1717433290333539
0.6178516504213418
0.04042728475306458
0.02337868356245947
0.02450166779276424
0.05249301311162662
0.1114193469591022
0.02419550199707068
0.1066396662896151
0.02282484835786086
0.1661483945997246
0.09942370680726509
0.06490931785877187
0.05229758814393155
0.08975998540670001
0.02852387133418172
0.02421745894332923
0.03164897778261079
0.037145903821393
0.03363051481261393
0.1125153057576774
0.02559722596584611
0.02506396009061475
0.03927957478859173
0.04253245370182592
0.02552249375815412
0.07278258301494012
0.0404414960793323
0.02586018851818516
0.04493833222495618
0.3001154739897351
0.4323343531700108
0.1845385672876022
0.102052494568997
0.02644622841623152
0.02855597316768984
0.02659074766822906
0.1448654020358043
0.03815919863265955
0.03192050795378444
0.04479825308050384
0.0519907411033004
0.09529961117924096
0.03069913773086062
0.05844534256989291
0.04431417419284062
0.02469388248710257
0.03306634078525986
0.02819649339481275
0.02408305373277939
0.08384010169706688
0.03567973909516165
0.03109857090132435
0.0611921837439912
0.0301591994417404
0.02257210768467922
0.02440074489228774
0.04114769954049462
0.1370005709525902
0.06150957209814283
0.02767452272236093
0.02143425806146205
0.02042271231286292
0.0368332936150327
0.09049652307005017
0.1064775105409164
0.03677539113938096
0.07627463454959267
0.04240240826540638
0.04441518747059393
0.0413061732709232
0.03664653101708271
0.08047774434480916
0.03586192736864494
0.06604977587478986
0.04487247801755682
0.06491741756794292
0.08651905347650417
0.0360506988227241
0.0220142762899575
0.02476942852296334
0.02283824621217429
0.02961563746567288
0.04864566841021964
0.05720120244925635
0.05801750304465057
0.04040449142386376
0.02733008337761886
0.03971213659928142
0.08124382765135148
0.07784932012681822
0.02589544626417567
0.03346472934087914
0.1020742330990485
0.04057688795089039
0.1048902884943031
0.03128412229175253
0.09657876548697443
0.02348603545487479
0.1026554826580457
0.01907036183894118
0.1320685503838538
0.05586898767757455
0.06105566643583159
0.03164100645163392
0.04805786790070399
0.04738936620140499
0.08945974002187017
0.04561872136869724
0.03737671869783186
0.06396289422168863
0.0272748611007086
0.05443516140163956
0.03583008690559474
0.04143209751381408
0.0315236690455149
0.1547165891392893
0.08700681895055885
0.1538061451617423
0.02964271651360192
0.04600052258464542
0.06444532973466978
0.06470755881452632
0.06609552209101276
0.02025366254942211
0.2091267657137375
0.05004565429552911
0.1031096329779571
0.6975014372217909
0.07828630169405398
0.02096784753966612
0.0327664017874303
0.1400910551566026
1.350111716138443
0.05768777834602132
0.04157129193963806
0.08988839569497808
0.1437102381893729
0.4673530242097724
0.02712160109455715
0.0191195223768964
0.02981943192417243
0.05688976556115583
0.1054980330308032
0.03047430238289884
0.03202800285994575
0.03111260617921542
0.03222186611177622
0.05970612791042687
0.06310795972366573
0.1698947877745992
0.03362286498926405
0.02733093777629278
0.05346408062572443
0.02235515008143823
0.02125741000482479
0.02022047467735155
0.02777949137261591
0.193262349177942
0.07222036512307552
0.02320363871002219
0.050913857637693
0.04504948040068604
0.02535688509042792
0.05975274213694304
0.07931618534963185
0.04784407936958954
0.09298581500468277
0.095936971694916
0.07405338178370335
0.03398679713838671
0.08793012548440864
0.02074938485491901
0.02469661603302194
0.04671383798854468
0.0328612164661533
0.03592875542457497
0.03098427449688704
0.04401753856334841
0.07163978318300798
0.03411772594309032
0.02284457500850414
0.09788425163496865
0.03578475096497175
0.2400164043931554
0.01924904556387884
0.04728964943509315
0.1496427714511739
0.02435825265247056
0.0866009629940788
0.04719756792185346
0.1028782596352524
0.03287154818829116
0.1395943161325994
0.02874569620053659
0.07876016892068723
0.2023654635314276
0.02102267775298448
0.01711119989741227
0.01986324341408718
0.07066076920753353
0.02241686483570662
0.02674809880833464
0.03782691313973638
0.04057975429972476
0.06032466766987916
0.03287548162640908
0.02020676466473715
0.02304666138999342
0.07527038486082722
0.05356004441794016
0.123362532685128
0.03097210536435255
0.6045251743466097
0.08700083484302622
0.02052454734782036
0.02056246314588679
0.02053521917041011
0.02036074849660082
0.01755124238355382
0.01892036434884786
0.02109820740290437
0.02835576085387976
0.06605775162711444
0.054885041008641
0.01867356740202492
0.02260128565574827
0.06748674122832655
0.3760101240601105
0.2337914466677304
0.09707316202089289
0.08487458449004265
0.04789220553545256
0.02096607741968674
0.04603738269396833
0.03447982541303677
0.01805962194237947
0.02673186360782166
0.08849068956674423
0.04138744856619636
0.1007186612592169
0.06474625281079818
0.03248824632741342
0.03353954302196706
0.04006415624181899
0.07780193505153013
0.1314412831063206
0.01988063502180743
0.03157132026984502
0.0996428475772734
0.08718245227741965
0.02384230987008869
0.01930509536228225
0.02051162214224215
0.04053327169680169
0.03003860341299186
0.0231190053744192
0.08508548955131739
0.04135517130277557
0.02012258002788946
0.02326256988337592
0.02069345208517843
0.02202987463465992
0.02053623536558504
0.0476839020161457
0.03785131030178149
0.0302248019259853
0.07006102929587776
0.04280803597254237
0.08116316398817755
0.04556529224899049
0.02410878487575235
0.0318332305915816
0.6065526546144906
0.04391326118496449
0.01916019427841281
0.02378245296769329
0.02693528061339504
0.03593343357852586
0.02234081526961746
0.02563457886100249
0.03003483969388231
0.06163724185857462
0.1136856988668515
0.03315858654904617
0.07409294728659856
0.2246117303121892
0.02187274996545075
0.07284503286732935
0.0255766308242189
0.05626473632257632
0.04157844303002915
0.01731921380495589
0.02571757308795809
0.1454001160717398
0.03596872164075094
0.03167229158867402
0.0281208078376499
0.03608421455560094
0.0269560645115732
0.08563526212049483
0.09296243206084695
0.0258957286288229
0.02243839675114812
0.01737877644902125
0.02060109599959054
0.1702173882024813
0.3026223061213841
0.06444571823755572
0.01990698313581779
0.01817390371369251
0.1633121776928575
0.01705723414807694
0.115816270939864
0.04104874208111905
0.01892304007847377
0.1233732215757391
0.04883679084740817
0.19315412464301
0.01978135702773656
0.04045815938462185
0.01764725776989015
0.03114975649936024
0.05565162455939298
0.02586950096604372
0.02622584972447842
0.0176322970390944
0.01955381560980403
0.02267975084141491
0.02157765244956955
0.02099323219279537
0.0482030507058898
0.1697594525388205
0.1409107696103223
0.101699696359727
0.07123826349022744
0.01630990762099654
0.1705777469737311
0.02037738361322772
0.03111321278132339
0.07094912748080483
0.02047255432335855
0.02121752793871645
0.03506985817691281
0.2013164354672002
0.04687705988964565
0.05901979444223559
0.03193526675655058
0.2731983163368936
0.01694489702495541
0.0181695554328707
0.03371033810170189
0.03543345472318943
0.03453431775489567
0.02054614374123669
0.02696245185689324
0.03193580268137532
0.03702785613209725
0.03285471478358274
0.01657261814133183
0.04968274847963114
0.08718989704820604
0.02954041910548299
0.02205993205154168
0.02548418146710334
0.02744429632635914
0.0181520174450872
0.01723890589168045
0.03638497514583172
0.02945334109186476
0.02437441688910658
0.03119303885364812
0.03740490889197077
0.1114634169395481
0.01900052780282305
0.03421550787614044
0.02611578684803708
0.0148077284788533
0.02888312264922292
0.6353087769672993
0.03419955668899358
0.0213223904695371
0.01561823342466304
0.03449442084920924
0.07717073379066546
0.06571606833186799
0.01852281018406534
0.01558826111035399
0.01519257125420282
0.02171524820709595
0.03104724271452538
0.03867014690128776
0.02403099336427086
0.02564440499494388
0.01939365025237969
0.08817249943670968
0.01830146647047544
0.1086058522134722
0.02895145299721718
0.02733539075672945
0.2722592542332133
0.01889592110442323
0.1922868724060729
0.03152864471237896
0.08718510346802685
0.07127590518315419
0.02119863252164723
0.3867746530744821
0.06667804845700441
0.03589607964997191
0.1596230564024988
0.02897284965608637
0.03380583616278349
0.03451635469406471
0.0485637110988519
0.07431112418715832
0.03344927282902865
0.05903249352753055
0.0189792303679755
0.04243262131664234
0.04678544715191627
0.02548428349943371
0.03178259472176324
0.0254785123174212
0.01834917036161975
0.01594559094949426
0.03071201769716671
0.02916888620027624
0.01991434264912034
0.02400366088127941
0.01770783038936155
0.0141027731613617
0.02533698536635183
0.02697425266104264
0.01807149293200733
0.01469456390312359
0.01862896761316694
0.02108618288961114
0.0347868669085554
0.02742346220328539
0.01682489456246353
0.01668236899530648
0.1043466078529214
0.03328544319716113
0.1045237006787691
0.01825356576790958
0.0168793780456414
0.02204543960702712
0.04990426197298536
0.03387839817615371
0.0156780245330108
0.01535079919212318
0.02625699631579931
0.07817228629434807
0.01574866131240572
0.1261090502049392
0.0149844926725227
0.05822737164119569
0.05526072495415683
0.01605404207095266
0.01629092577633405
0.031206839918239
0.03465871399502245
0.02671298081780774
0.02918154740716615
0.01993960722740063
0.1471550749895975
0.02687003360786502
0.01965629539977347
0.02008770579227424
0.02007127735273136
0.08954470486708113
0.02672437866842779
0.02132102452841322
0.1572971653356318
0.06429491415432431
0.02286283325183075
0.03776469338780511
0.02267913933292128
0.01890334929244563
0.06859048875030745
0.1443157981007545
0.0231752526642468
0.01696213949636294
0.02895192344733262
0.01378871806457293
0.02067633890025955
0.03304840276158787
0.151016932193447
0.4029992955839468
0.2379078308880919
0.668612233274454
0.1506067292567687
0.02426896632011646
0.01801250498311468
0.1656161749841171
0.1472208220806342
0.01677447602864526
0.01464951458481349
0.05385134418067193
0.05789732972360993
0.01388914412644514
0.05906357048220442
0.07971955311025876
0.01988457195128158
0.01411197676383211
0.09182726164410009
0.02776068767204088
0.08682778469805055
0.02042466190081674
0.01565713925640955
0.01970533636588225
0.01694823918567902
0.04323513911546373
0.02905383095407611
0.04471455626733901
0.06503699670189064
0.01506109902290962
0.1715758385891138
0.04178156842232825
0.09879548133323383
0.08455142226332805
0.02518027870598232
0.1734085654547293
0.02709798490357601
0.0868788371621754
0.07784777692272259
0.02967844964010969
0.03171295007266692
0.01970207794153167
0.2331670729266272
0.02623025741656538
0.1562947448843483
0.01401957234789846
0.07072170472996729
0.02387672774155032
0.1003725638980683
0.2265210906794604
0.04753441866004591
0.03764855712042554
0.09001098850377266
0.01279254060367779
0.08341318554712178
0.04993780619487752
0.01930102382386669
0.03345546854587797
0.04450832977401194
0.02368183295917324
0.03163422947143836
0.03113564367357153
0.03855151446175413
0.04774422673125018
0.07308552679063096
0.01718215131638159
0.1311041527834344
0.04092806597153661
0.0145426732074357
0.01463500253179772
0.01379560403359983
0.01476878781429469
0.1112311691936798
0.04988966861783128
0.01505559391963635
0.01410267029656863
0.01923021361826686
0.01485295349559048
0.01411664755468163
0.0234131294626284
0.01611992262547983
0.03597286898969682
0.1335065493366948
0.04343794519552116
0.02140555495902349
0.02905951796765903
0.01914291853140025
0.01392869790288976
0.01415481280928303
0.01359204340242371
0.02072077660726459
0.01970670028301272
0.02200632478234472
0.02696675039021908
0.04025266756947617
0.03757677360408043
0.01720246146807355
0.01616362789097544
0.02809581400071998
0.07938670839073
0.05822631692456171
0.08354115067018544
0.1044100564649581
0.04886054346739881
0.01515361013171336
0.04514115592155435
0.03414402107911638
0.03533627635740903
0.03302812349313061
0.02643192619515087
0.03403250945593467
0.1308437265993067
0.02672659777751527
0.04228433370200893
0.07186103466404981
0.01947306942436228
0.02454079562155063
0.02171486377109211
0.02717518036412336
0.01703257449431979
0.01824222308531642
0.01216667376415686
0.01200372046976118
0.01127799252710433
0.02243457493710688
0.03603963706175384
0.0340439508579947
0.01672164241282167
0.01787301891162697
0.1041519806185277
0.0151710254919878
0.02700038181153511
0.03283314857943945
0.05004987361996608
0.1234109387461255
0.0277612645479364
0.08353332074845551
0.01628245511109821
0.01526268935988463
0.02013889882188949
0.02727038917584589
0.01541221979260366
0.01335473013369613
0.01863083948324014
0.01120373528534408
0.01411657596379327
0.1424771565307361
0.01610487318430591
0.02115798052374189
0.0172726828814852
0.01541422237506687
0.07885837738634158
0.02201044804307326
0.02554707324000841
0.02800699588861597
0.02049410495462316
0.01279692623667881
0.03811977321195043
0.01793008445926651
0.02732578639050583
0.01989894312006452
0.1552465891580236
0.01850628036664822
0.02954322891428425
0.07949193709351876
0.02723804338670146
0.1922472326415292
0.03604496852307598
0.1274729668426149
0.01113000197655118
0.03324383948086005
0.01270167709007868
0.1547155283954713
0.0107566815285022
0.07460530715251659
0.05148173123420536
0.02599355956154429
0.01669085772712679
0.0110190051072949
0.04775339693975018
0.07413790510227843
0.07977582783510764
0.016484896339137
0.02920791869045098
0.05128622171574339
0.04958270639957492
0.2013378091258957
0.01209606494373314
0.2794931240863239
0.7537713743978253
2.5
2.393946137393541
2.345463547262478
1.495954669200772
1.213665585220076
2.043274911155638
0.935941520246042
2.412996691391314
1.967359075150313
0.8269960373136643
1.445973164668438
1.021421780216261
1.619509202918624
1.362834402766878
2.157954068518134
1.149489765537784
1.178653462512123
0.7633101826410303
0.4812441724265521
2.049653404869771
1.028232891370358
0.9865382908724922
0.8743617110166149
0.7811950945021778
0.8824476836909024
0.8060641410757253
0.5845652163538511
0.693666923751763
0.6182732566695284
0.5499523959988263
0.5750332792145298
0.5122068010594922
0.4907812495619737
0.624265148208253
0.4964023890967894
0.5540310428119953
0.4153616255168612
0.356224551897554
0.3461345356854263
0.3730413640031736
0.3615069816297999
0.3034723182299863
0.3419555241952644
0.3142664264906115
0.3182129774345829
0.2830756778561528
0.2528911474126233
0.2408358245310947
0.6913769892865406
0.2358986849138846
0.4145258545458409
0.4080836794984379
0.2718554596866667
0.5467655008537982
0.2379779049302407
0.4280882176066214
0.377358591640906
0.2561409561705515
0.5511147781433243
0.2380956408414
0.2841524350733354
0.3192889852676819
0.2218626470874067
0.2528533610655037
0.2549119182620501
0.231017572826211
0.2035334306553023
0.2011494253722236
0.2167571696832448
0.176255506467783
0.182385817188135
0.1762616191849801
0.2144490681174515
0.1665503666272057
0.1994754598313166
0.4397424317148723
0.3169252223322454
0.3895533001673639
0.5665067581124749
0.1839595454943235
0.4299548047467012
0.1557723107476993
0.8589710519886398
0.1840079333853176
1.236100142216682
0.148797117710906
1.009673664485183
0.1301068552224209
0.3469615106313274
0.1505710279416064
0.4300367103255081
0.1415105629419467
0.789918894511241
0.1893871276183272
1.164744733045495
0.1951316674832813
0.4135100173014419
0.1958251173077559
0.217650212846546
0.3195875684936835
0.2920274984290793
0.1524093130118423
0.1390264391842952
0.1537619026969246
0.1342337663326453
0.1627053227269565
0.4192161866119375
0.1404114693732042
0.4719630137038111
0.1571796126853392
0.3575328063891669
0.1635673041643914
0.3647267541184102
0.1262627575741332
0.2127983996167039
0.1002934677431603
0.1773482804907571
0.161487477420919
0.1391495126358605
0.2619948250564249
0.2881670763007576
0.2039496338748541
0.2013031855934428
0.1785454877412381
0.1991342085379609
0.3062286654738882
0.2987175421333115
0.1136478683110617
0.2357663429235407
0.1056388196468678
0.1156912115967459
0.185952774230322
0.1048907166722145
0.1052119035019902
0.2045718579457395
0.1577423330161166
0.2455715673288192
0.1616544130949493
0.2414607561246905
0.16009465662852
0.3024136852098568
0.2214224097152882
0.1899141329966102
0.3334085164147913
0.4425597454245633
0.2968315936075706
0.1042256654336243
0.1469992461343876
0.1707290499088686
0.2949807418287674
0.09168084564216641
0.2102607324006047
0.07510288073303206
0.1688422154346714
0.1132695368285185
0.09102654938828272
0.1637199669988959
0.08758966291810363
0.08684132873814493
0.08315808221054223
0.4687763695833578
0.1295869327876547
0.09368857142028313
0.109855592297088
0.08988522822003925
0.1310069145215635
0.1591426283344474
0.139992479287102
0.1158577575263422
0.2064050125370587
0.1236878553300286
0.08281127853376244
0.08251569187325754
0.09233787338236586
0.07653514785811648
0.09087744869355432
0.07622320282332341
0.07852132056511286
0.1271469846287562
0.1079184842479518
0.3338362134503186
0.08677306192101844
0.1735918121366876
0.1109027472335287
0.0869583855825698
0.06186060075387045
0.1021013353283723
0.05666846574949081
0.1150661786353893
0.07991458750372807
0.1869822716898559
0.1693121939503709
0.1238001751290985
0.08678827686971895
0.05429708498200035
0.07063277504768732
0.06227951746903769
0.06079971712661417
0.121260647962543
0.2127682887161153
0.1511212478913818
0.07012779604628609
0.1531240239105008
0.05188613454515768
0.1342893429455228
0.1644612299739697
0.07622642353665855
0.07728133129920647
0.115092011682026
0.2418871809743238
0.07511291655389557
0.187840582408982
0.08982803448508826
0.1254216261288303
0.3945024015076687
0.09036747532423123
1.243697557275396
0.07550029145698621
0.8489550009883994
0.2714562007486428
0.3980495502913997
0.8282337160097996
0.05504495379695665
0.3875739928182453
0.04625843728720198
0.1187916843329527
0.1356668560178013
0.1546672556228823
0.0569108520825042
0.3637246150910272
0.06248350418266808
0.2492454110248671
0.05839510348292478
0.05253244680905736
0.1527532578859471
0.1796285912032696
0.06216288681767165
0.1116547588204311
0.05126040803473814
0.05905683145382665
0.1050084414983843
0.09336069134765082
0.07774544339962576
0.1468932161592178
0.1403882417960919
0.04877027121107359
0.09913903114725835
0.09623402322235836
0.05141294838628103
0.05274918739235518
0.09728833394011106
0.06039331970382021
0.05420555173422434
0.05304822682381599
0.06577827727495421
0.07159259995237802
0.04789199075904145
0.04616560216050825
0.06869531161140086
0.04916481656397838
0.09396074322825906
0.0949850069226478
0.05160193055882312
0.1014119280622893
0.0443955005515453
0.04589361070787985
0.05903597550345076
0.1613499639916761
0.1039106891953197
0.04608869218165107
0.2345754951259567
0.06782760998983739
0.04853686325941484
0.04943148756827967
0.04531308200852428
0.05540717825289341
0.07795149297352652
0.1200428980506367
0.1136744077434168
0.07606652111226725
0.1643585044269589
0.07372405357793815
0.06642356150005951
0.1389615469927873
0.2164788226532513
0.05857154785545429
0.05331757990608815
0.08231413957945413
0.178391383499363
0.06632905612710802
0.09096688097806589
0.1654184833271067
0.0392161049259212
0.1612627805495588
0.1100633016026915
0.04305483881141317
0.2456924443335179
0.08779975392618446
0.03824541095137937
0.1436316813581893
0.07730969235820939
0.05487600979069143
0.1224557943476692
0.06575446163089126
0.04685659912660192
0.04618932234732912
0.04163645442518556
0.05742961591415556
0.1538767960763153
0.05297733605917668
0.05137968472579111
0.05073640375273068
0.109236142842674
0.05736679652645185
0.04833729119612989
0.07092385493636919
0.05286945787239648
0.210374649792932
0.2505720071398684
0.1278222018919117
0.03429556443019384
0.03458443207393663
0.07210179933778965
0.04949073425924913
0.051871209633947
0.04211299633249756
0.04491507330288137
0.0555957895063915
0.03645043444673118
0.03850198084407408
0.04091607273278775
0.03806143887898671
0.035643182136167
0.03722137161520239
0.05011042422843469
0.04281517387040731
0.04487710774824651
0.0318184489230957
0.03455450089296511
0.03780685145029907
0.08015118957085231
0.03332024836460521
0.1273702506098533
0.09268183974702014
0.09048677475003652
0.516144636129331
0.03283596908774631
0.238955602624603
0.2265850923152448
0.05420835831532864
0.1611130743398977
0.08245172678077362
0.05159241368913958
0.2579913425806855
0.05815962887957381
0.04072366185614179
0.1310290286516628
0.06614256007759338
0.2523570535849902
0.03933978267597239
0.06827132205846674
0.2042453033831957
0.04120578455718524
0.1998596021780034
0.3204762613884521
0.05389245737960297
0.05760850204978676
0.2123449200231131
0.04060819414233205
0.09978640200341146
0.578639794748609
0.05036167253257866
0.08319602654603056
0.2793337115507548
0.02958847262368235
0.09395782911159123
0.03399477545788806
0.1227604248731919
0.06327920503575236
0.03276940399979256
0.04691295721121781
0.04382548158007916
0.04014557712339593
0.1426859474002601
0.05033532056842781
0.03644004393965324
0.3519243330196994
0.1514070175530828
0.02780569070985535
0.0412097620142888
0.0522117188212739
0.02839474589045397
0.03227612262221839
0.04785998355985931
0.04271551754550303
0.07458668139708055
0.05825428464656474
0.03718047882966676
0.04501166884782289
0.03423331411437083
0.02700862327106976
0.0325279560317881
0.02902200801193277
0.02848925097658167
0.03428990501982395
0.04157499949523843
0.03216171103161747
0.03753213825659624
0.04710470944841997
0.02914952167721217
0.0547491875607579
0.02957182955142597
0.1111138040424594
0.03198388926360125
0.1087583381674217
0.08284509135605028
0.02951240069840862
0.04204454404220653
0.04891239549263897
0.05157903166244013
0.05847759085611539
0.02612304603973468
0.0982022839783315
0.05169007717507063
0.04372459704337907
0.1236161858790686
0.03646240860253781
0.02541221790947316
0.05182527160979077
0.06677746373967559
0.0378399893304991
0.2079849806815768
0.02363140994460422
0.2355227726154475
0.5837343626376833
0.03810499878883732
0.06264022210505622
0.04184472597066617
0.03259367581182677
0.3320660866328159
0.4484866987099846
0.0284994044696548
0.05335704070068088
0.08451412171100864
0.02861156543041714
0.03658551651182397
0.04098050412466767
0.04725542471488642
0.08585735002007613
0.02868564093795928
0.03255542795082847
0.0956584835262094
0.02343083181964276
0.02774974570096667
0.05978167972039133
0.02924837733820834
0.03352593919058679
0.02884066871064383
0.1807260427553604
0.04290741335306936
0.02380638769950311
0.07552014974291711
0.02330579600646575
0.04594236747553635
0.06913545464961353
0.06521048259753427
0.05416379705057622
0.02432282313534126
0.02836506267376181
0.02284742040834888
0.02720347923507261
0.03962904645790917
0.02332855656665422
0.1762439951115663
0.04313149893245501
0.06370300982379244
0.1200232711964194
0.04219537651314385
0.1181051300695081
0.02561848091631487
0.105719903272661
0.04204107248377242
0.03297209684972374
0.04577498727364405
0.06851289613778669
0.02910511126723676
0.03465603233253835
0.04430242822549433
0.02641978853108264
0.03640590941766663
0.09280545701887857
0.05219883226230896
0.06483446671730959
0.03078007574009115
0.06625231175863187
0.05420816912159662
0.04148079524558858
0.09639693194436451
0.03216186886264878
0.05173180449763094
0.0719551194849951
0.07333449286304169
0.1417200855020097
0.02801504946926923
0.1120595333419356
0.04207735386323547
0.07848551832692999
0.2902635706673634
0.1788381174693433
0.03513020406246602
0.04573348914869921
0.2405108820377257
0.02422661557173625
0.0501108462773366
0.07810931125530907
0.1534570160055291
0.03312871416103038
0.1622174348089185
0.02757542305491006
0.05655299381796502
0.02356967123265053
0.03494020699180091
0.06796894541891207
0.08693992419141833
0.03509179776657171
0.06986636958480247
0.1187928152836937
0.01995594679247602
0.1622571826217485
0.1070624813738932
0.02125525628212188
0.07794861963404709
0.05579409039614495
0.07655481384094395
0.01975450897832434
0.06795151697906525
0.02331361228839371
0.03445712768100043
1.014486334795619
0.02743341273496083
0.08632410876962784
0.4183486219420394
0.04312652788835025
0.3860819518124473
0.1118669995489729
0.09922604893906027
0.6215525218320767
0.09207641013098755
0.03787916513291074
0.1522105468500142
0.04270843681805583
0.1863294510185239
0.02563741104839571
0.1985501068008415
0.1479822562293418
0.05383369750035775
0.2554399590252315
0.12347318216482
0.0198724019873575
0.0581717932021714
0.04780697972729709
0.03459223938793436
0.02319464758659332
0.02769482572877757
0.01735246893722204
0.03888002637908796
0.05278711811398585
0.01924658543828986
0.2688889502670533
0.03981836812149763
0.03537543310614449
0.03505918200595501
0.1463688064430363
0.03064477568653978
0.07283398599412749
0.02701801311473798
0.02726849958151527
0.09252550393383061
0.05554018026501649
0.05671255231456475
0.1453255089845023
0.02134680437049477
0.1573461043646958
0.07413192675202336
0.03381738151724618
0.03259219107875234
0.05966756599225986
0.01705739178749828
0.02079326780810474
0.03773440580991424
0.06171152045154719
0.03005728913028324
0.02548327557147397
0.2051898235210607
0.75161720724306
0.02317626330110771
0.1163576162936103
0.1572165480985961
0.02052966283518444
0.04296597072536984
0.0457029221952908
0.02143362027612715
0.02010473891583242
0.01847904915706581
0.1669352091917856
0.03851369988585465
0.04524209703189477
0.1013777082088683
0.01932543512228203
0.03493101640191223
0.0475013224282966
0.02406320086754275
0.05298581148449714
0.01920249281081839
0.05464335588255875
0.04122999628518843
0.09014377100013354
0.03220725225245193
0.02859498107457012
0.1816478187262901
0.02535500814547539
0.1044382230039555
0.1256510242588207
0.02567944521757217
0.2901322443567848
0.05540011081972096
0.06640541176738515
0.07743997951246791
0.05293232115155806
0.1429484702777933
0.07110943927641239
0.03865107218488211
0.4546752369450993
0.02104954341228944
0.0270715581901283
0.0680780700061171
0.02131632266746248
0.02254641116746276
0.04424869407682989
0.02357044748177652
0.02008931942674592
0.03368599299515673
0.01989402730753545
0.01792923636988619
0.02235626120269463
0.06122784844539348
0.03847334486778948
0.03853763356918755
0.02740752479074501
0.02094200261151984
0.08304551895723605
0.02691831935112757
0.01843799993411884
0.1570157982882135
0.09810989844016249
0.03592258458661714
0.691399960552651
0.06303217976912272
0.02774625153546377
0.08819591353088656
0.01773942310250201
0.03558537407002839
0.02947597105279216
0.01543727946515022
0.0191303372207053
0.02179276374584566
0.01821842927846332
0.02140432748659263
0.026720505327139
0.04043039041587388
0.05057379138574621
0.0237161010682885
0.05195209048130617
0.03149562968542313
0.02800658607522748
0.1154812716951113
0.01470561447534418
0.04369451571461083
0.05516824843794392
0.152054345191505
0.01996588283783023
0.0781330287048987
0.05041894235263805
0.01453676269381126
0.02757710584086262
0.02334828274876351
0.0386039740072911
0.02383421798696879
0.04297052311015389
0.02458928985396449
0.06746173851140831
0.07509415517796184
0.02713707495107068
0.02953682361093152
0.04460512461719772
0.0178336148404498
0.01432662986868277
0.02071499714725872
0.01391828254828666
0.01497323958811336
0.0202376929686599
0.01742779341722236
0.017359131931888
0.01872065838385897
0.03394832238971335
0.02735940661698058
0.06368302694934171
0.0260166462176817
0.0273204589282535
0.08328166234341114
0.04376008790200014
0.08578838306336342
0.02568067176030856
0.0325039294123191
0.1140714973426806
0.01923399123621071
0.08332867480734882
0.0426316523632022
0.02887495639390287
0.128749633431557
0.03515140366280195
0.02399804481481838
0.04880896051466199
0.0302744907132598
0.03506000849689969
0.01590095035286787
0.0590654378842606
0.04211217903479298
0.05621216836078115
0.02879508907808706
0.1270283085606573
0.01320564090403377
0.1584655586066194
0.02354255653103031
0.2671390978892603
0.03037024843234752
0.0285629653185844
0.01336393117280326
0.06320162161348922
0.05810785158170598
0.02710249314370894
0.04245101425324668
0.07163551851368585
0.04261157818954566
0.02385644130018811
0.02775084852054283
0.01805747702793736
0.02433987748812666
0.01911716338307123
0.09366683815641086
0.02351160965400532
0.03745209010990173
0.06309934446703001
0.01372639774365783
0.09292193984312561
0.05339087202713097
0.01303789642894504
0.02755071760755877
0.01821857376844451
0.01348297897477496
0.01765954302029927
0.01331588810550579
0.01530340366621148
0.01748098614342517
0.04009807745947835
0.155986038334434
0.02087037129954643
0.02060080954126414
0.01344182994723778
0.06660699897187425
0.02189314457427646
0.01709739231577824
0.1017328481987443
0.01395206129583277
0.01726311676444561
0.1693216633701708
0.03653109472655783
0.1019519352027089
0.06004717534452377
0.02715178577365823
0.0493973721530817
0.2316890718762462
0.01897556715472901
0.1156007587310489
0.01508690882893188
0.2083182974865621
0.01211391759291565
0.2348716819181261
0.0135723169189327
0.03782270849031682
0.1935920363119771
0.04245500134957912
0.03460531027112475
0.07194913491941646
0.02779192000810951
0.01250263887420897
0.02276403259917565
0.01446703185240641
0.02695308472933002
0.01575360192499788
0.02669804257976964
0.02348454231357884
0.01239401786299522
0.02658166266260283
0.0199630154501855
0.03346654310465021
0.01263761289539658
0.02480903342267684
0.01232869934709219
0.01626379407051323
0.03973304171010056
0.03342845810045193
0.01279948020602725
0.01134963326640915
0.02313863434852653
0.03229571168522618
0.06201073327271557
0.02164740238704348
0.02769769139870209
0.04363404984987787
0.04098813582829734
0.01087704980912307
0.05197804047655302
0.03462079728857052
0.01151992309085238
0.01271837624787073
0.01091169152633946
0.06457784299023932
0.03600891462069
0.01029840140277444
0.1288893992108482
0.01111677005273703
0.01622817654960598
0.03436309249551166
0.08221558333165194
0.01406416238211014
0.01765829306873302
0.07064795739375918
0.1116329153562738
0.01619829708046338
0.1036332131533098
0.05482371287633937
0.01486423139177577
0.0229667398644713
0.02676114056766212
0.01213740678913373
0.01764196249795449
0.02984074921281105
0.01935979904412831
0.05392588870401053
0.09785898809931616
0.04502834744600354
0.01744223383234133
0.01175212356301372
0.04727598387470454
0.3338393872876205
0.2123094609363113
0.02536545610251298
0.01993736293152295
0.08833272166683968
0.01142519325821836
0.03653875871687943
0.0565906798056221
0.01963666604779804
0.01213772508335748
0.01118699407068187
0.01354204176138933
0.01310104259939848
0.01677356644364526
0.08012003942310093
0.01571425414098662
0.01141983984095861
0.01015045261093797
0.03632114097137378
0.02648896914428502
0.01164086879772169
0.01058204892779114
0.01070038614044453
0.02083777721249377
0.01162784945949916
0.08358826278356593
0.1842812178304592
0.04206788746144565
0.01158004607035907
0.01901741098604161
0.09355080385538549
0.04446643198525782
0.2200190200720392
0.07860916755598393
0.1000219615249589
0.06252006477117851
0.1276485473789076
0.02322795127491698
0.1079801965431628
0.01207982880392354
0.0740699910908349
0.01054128945454895
0.1423181156548151
0.01580213119041143
0.06159613530833473
0.04214752385829235
0.01241041918896845
0.02118819445380482
0.06257195916947536
0.02654877120694565
0.01288530575875564
0.01984637791733039
0.01936824533205852
0.02303518127302897
0.01745570688445564
0.02202023599494123
0.01198905373587602
0.01686768829974327
0.03082705674177463
0.0287222115055043
0.1252528869327147
0.02048509372143713
0.01634930552808069
0.02984056705337333
0.02068115172199134
0.02928038520171743
0.1577039569923928
0.03427427002923548
0.009968260030748233
0.01680703106288751
0.01023036227062317
0.02203029329343071
0.1772817183033685
0.01002552105740047
0.3100968431575852
0.03638328488506807
0.1021704783849886
0.02296053089858991
0.1281474379109615
0.03585471237439801
0.04909041012593453
0.0133987487042231
0.00988343266439726
0.01543224771126144
0.01712629621637271
0.01599119399957215
0.01005209282445885
0.01717595922609313
0.009910102622927824
0.0144752400670696
0.09140505224424904
0.03736531871531524
0.009768997201895398
0.05980584754829657
0.04827835162965367
0.02675440813299231
0.01660261588153821
0.1640992578174455
0.08557885383621407
0.01097660253615298
1.45109340557065
0.01853708317426883
0.1823421637387774
0.08725359386154988
0.03491181110626105
0.1110154209236786
0.04944552451102392
0.01253093075211583
0.06390510801914775
0.07074886415508795
0.08055519451942089
0.1600083414597256
0.03196471919933162
0.514499711391134
0.05741100279726345
0.02703847432763778
0.04349214919479293
0.04611204552699751
0.08164900016450727
0.04012754639723576
0.1077373091255938
0.02769764089544709
0.232513884215649
0.1928449206091605
0.0134747453128078
0.1425015107153301
0.06800160608124929
0.0109820589426355
0.04011422177688687
0.04366446543065335
0.01857027751436719
0.02946403300234955
0.01748751728869722
0.01480309399461008
0.05104429682823607
0.01049066658079364
0.06106225017463945
0.01557830773617178
0.02386571203908202
0.04703442473324314
0.08659160055083513
0.01080853809090288
0.02703383406949613
0.07867424402645541
0.0433739003479755
0.01061922054453621
0.009435791826601507
0.01034493952040476
0.02631045687410755
0.0252656745134551
0.07895810416102308
0.03227974962360722
0.01368398896562741
0.04505836040530442
0.0150569977468323
0.0678203971213145
0.01786062662944357
0.03339461918023012
0.0439955761379133
0.05782893957993307
0.04648488208073571
0.01099887201777282
0.02608031114372627
0.016860112280815
0.02723337374584571
0.07168582836278038
0.02287721122254859
0.0140670302110216
0.00863213400873305
0.008294731605689141
0.00979956252750845
0.01582517220284971
0.01034151647718709
0.01522970395371237
0.06123040310991923
0.0297192540564632
0.01349826682401491
0.02672780600693993
0.1351438024120876
0.06773532418366313
0.02865871534169226
0.08170401473504058
0.009177264481350056
0.01888706107630119
0.01512061941705239
0.009627184859760735
0.01141400004076307
0.009684993901759406
0.008606592873012233
0.008639476711814616
0.01702020352372168
0.008232996627052836
0.0505290233667689
0.01965508310428384
0.2092930938781866
0.02094513816913311
0.0110584278514101
0.0082511357097531
0.01227749483606485
0.01900412232382857
0.0329920071696657
0.0306447874613582
0.01268829665198597
0.01908939273040271
0.05887635245983869
0.03758735956476989
0.009521139202114226
0.008077832152245666
0.02534956296541567
0.01738733300614692
0.0300810535175886
0.01795555071191885
0.01197582599049481
0.01656614775053033
0.04370585701138663
0.0866589268831247
0.01778732448491236
0.008722164203452466
0.009359024587850919
0.03551106343218931
0.01544436178012369
0.01880856854470091
0.0597778069701729
0.04351893382469601
0.01089498299146714
0.09633219893812206
0.01788888222844164
0.3372743087846687
0.008660387720227163
0.07083809912556584
0.08586493367017541
0.008595181887944661
0.1245933008465979
0.0404682112824928
0.03477127682089809
0.08024400899866649
0.09601928811218081
0.007946384821171142
0.03570458249584843
0.06068765949238949
0.0448868455641524
0.02282371630230445
0.008407243036422724
0.008058210488601414
0.01113152917361874
0.009234794786102531
0.01594452872477202
0.009212158615712552
0.008904152608885423
0.007617293601101848
0.01725360262287809
0.03416403825285208
0.03304921394140832
0.02637436079304595
0.01612161662471343
0.03040163285447188
0.06870395673640703
0.007643416749688541
0.15904951225827
0.007500018666537115
0.1658269090749157
0.009030781969247672
0.1298160210312848
0.01439945946262558
0.01807528894953497
0.01451052858542159
0.01314559593902209
0.03512265644822292
0.008449619094303381
0.01040558739943323
0.03597772002034619
0.05330794594589804
0.06288371759835487
0.07357278212345439
0.01224136948068553
0.01457288949004604
0.01232860280713895
0.0283186913897915
0.01325924468905677
0.0120648626852574
0.007018666291355153
0.03220021573430504
0.06994305745667384
0.04014264998365636
0.01564330371577465
0.01037593954356728
0.01175165574721038
0.0180171069852794
0.03967705393549718
0.02040321675832838
0.04460542869509098
0.008655093241674761
0.008817482546511268
0.01443957395791672
0.01803044748880211
0.01227519728010091
0.02397425545743798
0.01432003097222645
0.008595541844591258
0.04707412511501925
0.305071847989517
0.4452616866709303
0.02064407847963071
0.06121132101017832
0.7742620577354363
0.01161479420244597
0.05355317749777362
0.06020349733924373
0.00857411430106202
0.009917293644046653
0.06509758401841066
0.02343947244283251
0.01859336198873875
0.01437409012393137
0.01266485718872283
0.02712011108158175
0.03835239381126664
0.0164268592962438
0.01623487559057726
0.1367532807004364
0.08754891980782398
0.01842182254104945
0.01087979218596426
0.01146164611813005
0.01990357300565414
0.06756833006988011
0.0119812111208791
0.01755260064472449
0.01124843630462857
0.01193649093946169
0.02325379629671015
0.03752301772325332
0.009076791901849564
0.008072244172341293
0.007425926013481144
0.01056645392295101
0.007617391151185171
0.0222621080840039
0.06975760463503411
0.02835781865794946
0.01776956914098403
0.02698012404998662
0.07154898491795723
0.02110614742492219
0.0262612855068684
0.1820499646174288
0.01946850151825644
0.1730838500036119
0.008196766201656122
0.007510397430270239
0.01231850786409105
0.03892309968557589
0.1345961375528154
0.01559081404221136
0.01230893217295207
0.05245269726057666
0.01508000729854211
0.008716276350017434
0.02285809798092894
0.01355352673286761
0.00745785129701612
0.08401708018735173
0.01055558575003579
0.01894481084374358
0.1361877268057521
0.02561606079977082
0.01885717677100479
0.8960451554968423
0.0736928268806222
0.04648905888741461
0.032446662120881
0.03384487873071612
0.04804233640011902
0.0114850980556189
0.01901110822187406
0.07005423007213964
0.02234590880642125
0.01958492716977778
0.1154594062706579
0.01373807627834059
0.01460677277195281
0.1126618015039743
0.02024067686368385
0.02079075772093386
0.05697864371292018
0.0591248466468229
0.07635054844967888
0.05019559182899913
0.03485969080895369
0.06203166777480321
0.01926419383384722
0.0204847501968531
0.06636194485378365
0.04529335789102418
0.05832405597607915
0.1251400052198229
0.02271651709215308
0.03916463626162332
0.1268680680648532
0.08557977997256908
0.01435875112320405
0.03034510696032204
0.1778936706706472
0.01370466960005611
0.04215923289965481
0.03175616460961803
0.006745040934023706
0.03247153054657013
0.03522145292137244
0.03612061977215577
0.06111397929779986
0.01512047961241156
0.1503743784593291
0.01116356465481621
0.007858615742045726
0.07946235181739877
0.008595364594681808
0.01741131834712788
0.01926101478876607
0.05935113870086865
0.1069165408026706
0.03079925284386428
0.02735320841031806
0.02480102994041267
0.01488634020177315
0.04195670480061668
0.06639121401158406
0.02442514708474741
0.01636590082289852
0.02085884057246485
0.010859749826544
0.01606349947813906
0.01931790172996688
0.008690840226238289
0.008822824699858468
0.01018608496467442
0.05438692857954321
0.02154907461297451
0.02829089750005974
0.04976883693527809
0.01682445396498392
0.01611809292323823
0.02338276784594616
0.03848907724310458
0.01408348015202429
0.02690049932122049
0.2793775961773836
0.08442130312332978
0.007288291255385337
0.1814931208408659
0.01632493452984846
0.04869377208536903
0.1459651750926037
0.009662667268856721
0.01724384895068012
0.02782863511847621
0.006233069527838532
0.04004068284933451
0.01655331984653887
0.007011453983298686
0.01588959138348291
0.04063831756482201
0.01754641837179133
0.01958465790654097
0.03873972668460286
0.01357600110113457
0.00900960674593408
0.02434725638210989
0.03509597079248612
0.01648991929927534
0.01794958350107346
0.03850585119164662
0.02467181855700423
0.07234504625233383
0.01128015164845368
0.007075603728708761
0.01607606756957522
0.01043286107041327
0.05709328070230189
0.04764741312027743
0.03204305672197411
0.00725955773198268
0.007178490784471492
0.01140965796007278
0.01059862567310813
0.01323087691164787
0.01595538998131993
0.03744191513388876
0.0678342132672088
0.02102617421919138
0.007090996126762089
0.0629472229398268
0.184770661586236
0.03168530963577974
0.08008332436511467
0.06927685456876093
0.03156611409453921
0.03902754834363791
0.04169270809398599
0.008104024260818181
0.04873545321904142
0.03420931337865624
0.03724760014565668
0.0296142393628318
0.0190550780271851
0.05488766423883848
0.01794201329969449
0.01854141075648925
0.006431886255200261
0.0364320859364827
0.07867369053401882
0.006884389047012407
0.1832425998784698
0.0518686029800193
0.008667258233270523
0.01786944348298232
0.04769872083717973
0.06780754415736137
0.05911535490763863
0.02462273219301368
0.01333712174495705
0.05974929285933218
0.05516210380170205
0.1341521445592636
0.05833948058426825
0.1234136171964202
0.08233780510081726
0.04068574170292615
0.06757745009246185
0.04369068057971087
0.00703432620651544
0.02558306490947968
0.01780827264202875
0.006556998696467408
0.006256402029887193
0.006422236349370092
0.01291596458919421
0.06032984637492533
0.04377656689097967
0.02394236752223192
0.005949941366984075
0.006619423824245187
0.03847417909421971
0.06039331249863589
0.02366179227617419
0.03757471427428816
0.06001551226276486
0.01146666178364945
0.03277411390346077
0.08215308526396499
0.04538557331312276
0.005640096742315922
0.01956191856693463
0.01077612794696292
0.01123728364406152
0.03843273370002205
0.01180973702015414
0.008277680255620362
0.006590522058159318
0.008671392898796001
0.01188683508165135
0.009630410284461474
0.01488442057361489
0.009835227738872118
0.02866549553582275
0.1918662162116931
0.02597924357062673
0.01333840165956839
0.01747304728439117
0.01713022304233448
0.01128264218069642
0.01472015581636222
0.06541978405128648
0.01153769545811079
0.01359408451299751
0.2387126936191735
0.0102428711260378
0.005792129917839334
0.007462207473040021
0.01980418015092962
0.006834542491487255
0.006498766401462435
0.01339584317657553
0.006241884140048764
0.009534894602992726
0.01182394537479807
0.09251588499364619
0.02436408399363073
0.008522167069203297
0.02245103724803423
0.01901797499371525
0.01419861626986143
0.00713224108745948
0.0294002668774705
0.008966625825823943
0.02160712005293126
0.03891408753596702
0.01230703791693885
0.01788845532704789
0.05257458126536309
0.06567841825994075
0.007186433123908511
0.04805108733374039
0.01324823571574978
0.009240303442418584
0.006917378903732407
0.006857434556931056
0.009953853714592511
0.007554270225661814
0.04653458612677145
0.04071240643600634
0.0231071988675535
0.1287174322432871
0.01055004200262792
0.0130082890815767
0.1464368681342689
0.009998965584589101
0.07258099886686449
0.03328593350446356
0.007417899475319345
0.006884574055144774
0.006142424029243969
0.01299383692029242
0.01035260901981662
0.0150230246378062
0.01777607697419563
0.006910774858798854
0.02509816225654723
0.03279158152882634
0.05824063495781252
0.02846796174811057
0.01665238085309485
0.04485703780927601
0.01709265794947134
0.01131412397892829
0.1778051708143691
0.02799141712280232
0.01023498215380405
0.06229805033000106
0.04473035003202592
0.09571200078563859
0.09612887201457843
0.01239720822035956
0.00674571247548207
0.005606053051372614
0.01004387107794392
0.01588307842053468
0.01628750242311053
0.005433882354581527
0.006896383573546657
0.01919631448260774
0.0582173273829223
0.0242604106433918
0.02034074707154316
0.006183426281541541
0.01215100783492504
0.01072968789257852
0.02676551098899029
0.007866316027723599
0.007244163576137644
0.007325341778795975
0.008682560787409671
0.04897717799761228
0.0380035156018827
0.02439556741445711
0.01392949355506954
0.02389803244824729
0.005951398612140741
0.009486238846400871
0.04889729999068214
0.02114238916752472
0.007578431114845632
0.01689492008412623
0.005797311224579562
0.01552325729865913
0.02687042168114466
0.008104977729132257
0.006667965807991859
0.01973366017833251
0.009101738156633869
0.005172626478161531
0.02684212115533116
0.02143212767494794
0.01463641142153237
0.09639963526883411
0.03240199469626714
0.01322837279301752
0.0384547596683905
0.188235700948864
0.09120804197005319
0.0127701761681708
0.01244652255223939
0.01487510278958604
0.01246380045730511
0.03170045239778186
0.01555547932935474
0.006142268435293259
0.00556736262742649
0.005669458305075386
0.007110190342450787
0.02745925304923926
0.02318559845599347
0.01757923930126919
0.01826222610969459
0.005165896032573409
0.00528602659327193
0.006132965896956996
0.0245529300947207
0.02591612903522512
0.01099009823733106
0.2799658159942553
0.1837507505799589
0.01399846637230861
0.2252541627735672
0.7698030948294552
0.00958695506168534
0.01267704391166575
0.02422121104262975
0.1111629752110215
0.01458051590432749
0.03633554986156286
0.006123824097613697
0.007172146958577342
0.005641376355047717
0.008447640448496113
0.01937981897941824
0.01303688939075773
0.06075385388113142
0.06131237933264397
0.01301966653673216
0.08882651029328442
0.06259145207627551
0.005394499310062005
0.007094775471920946
0.009806178028071938
0.02323379411050999
0.01053161187004256
0.01604111979945427
0.009647482554413816
0.01234514314231862
0.004786248174027209
0.02067217742396114
0.05230396237068263
0.01477658037310298
0.009504357011500993
0.009950751404753794
0.1345033130216792
0.03190022401089416
0.1460933466813802
0.01182494677198652
0.07469289364736306
0.01156210389105602
0.01073210978099464
0.03138389929630853
0.05331993248674054
0.07053686744058395
0.0984005971822869
0.02830368537664756
0.02008326947356121
0.07266805789989325
0.007506785775436143
0.00569710420555561
0.01301754853258366
0.03057044824066688
0.01307488636066497
0.006350537735747569
0.01621332449050179
0.01434613717460943
0.02104602269035867
0.04966762725792477
0.02309306474981184
0.07176980818900962
0.0190935622019315
0.00556485518983863
0.00510438633561055
0.005753895576560602
0.01000283719491732
0.00610939898558648
0.00495735337293881
0.005808299035479964
0.03385866258758328
0.03909334648836308
0.04110876239341942
0.04369174268668206
0.01521451669517138
0.01069547198674079
0.02089271572375431
0.006649126458479128
0.004564124942181702
0.01680609791938351
0.01099339976814118
0.07295636181942385
0.02125272579760231
0.01304376377767862
0.02319248471620558
0.1807987711255162
0.02994666256592321
0.01153288118865483
0.05486716003218967
0.01675411508666732
0.01175493900396037
0.01428366835284857
0.0175720978010602
0.005079697720173366
0.01513963673397153
0.01944295423980593
0.01710003837957681
0.007416132575869633
0.00972531795512316
0.01808508818918797
0.01089788536817604
0.00981267115759323
0.006683083224889507
0.01346884926845006
0.05410646373487919
0.01177997535276818
0.04480046105014603
0.117554657043779
0.01077019604446847
0.006989722642424269
0.00590173732216488
0.01944086618645445
0.005819379442130285
0.005170658142804182
0.006010988184418186
0.0123296454872406
0.006326425636671042
0.004955876805694157
0.01020899096421549
0.03735245960387711
0.004725751706933959
0.01049188208279836
0.02680332942490153
0.00955023692633258
0.006926791724826418
0.006499606869671038
0.009010074907283507
0.005777994334377944
0.007201345233107326
0.02169971449524985
0.08711116723694384
0.3898081660369912
0.05742719390126624
0.01362450232003706
0.005186865161772885
0.06380563738452195
0.008388033169356315
0.01528752299386942
0.03954457200817363
0.04244059630220424
0.009554249900040793
0.03159285320664321
0.01242260180481005
0.004760574301971562
0.01122657272845262
0.009413953314972349
0.01082101510620847
0.004470453036101723
0.00506778996963839
0.02452670216333767
0.005086484312310558
0.007291868517965672
0.01211368916225253
0.0148004493562048
0.02059290533839836
0.01285525093605314
0.07318051912371346
0.03065055811842729
0.01157221665821892
0.03205730078669292
0.06834090445474629
0.04740228008966439
0.006783297861360173
0.009237790251673123
0.004832793869224832
0.005941083543884461
0.004896594795491311
0.005040689886295647
0.005354916351478275
0.01017551156026943
0.006998469215495655
0.008641514543362599
0.006872268549698898
0.005648554267882597
0.004628337024914262
0.006591889899045758
0.06885607465100713
0.1082864070003333
0.006677612983184811
0.03040235601848736
0.06227721767853554
0.05225937011225118
0.00611004602632238
0.1939224400086436
0.2528321738871608
0.02372684487023775
0.00571900334383293
0.01851821135293315
0.009926556987406299
0.0100399647421982
0.009043033249569917
0.004735915219614735
0.01407416174824987
0.06477541636376243
0.02616363865957529
0.0051778078754173
0.1394341287374558
0.04161669848301893
0.01591421789698926
0.005891670354110335
0.01489296189123671
0.03863475111224674
0.01154064709394506
0.01150339397475848
0.03400050483254581
0.03451485586719311
0.00676945170635395
0.02243600037202593
0.008846119333609343
0.008693249717348271
0.007817102006911898
0.01823165600796147
0.05418705627325258
0.004636738281512883
0.005689073321233517
0.01326827115090856
0.01805264114040661
0.007778954869779439
0.005804899793975587
0.01444398201615857
0.006846666047799143
0.004635245961018296
0.03310039695230264
0.02601601892880001
0.008154225514126758
0.06733828521074658
0.04131561632458994
0.006753433717885216
0.05220194477348046
0.01683266764243774
0.01599617066800733
0.004938689828688172
0.005118000874989348
0.006420531117705343
0.008425801223931599
0.01150093078700201
0.01256217871973392
0.007547418250126287
0.02485167642673358
0.02237070519654711
0.04994837032524204
0.02146539058171729
0.004637030343713476
0.01884494951218348
0.01187567095155082
0.006885065195361972
0.01773083787373746
0.01470421328039694
0.02527254492249657
0.03027032764779128
0.0429429958743256
0.008381991102091618
0.004565630622160535
0.008068500781583797
0.01119744912679583
0.005075322359682206
0.004639822694050905
0.01276688575868721
0.05352285416809877
0.01391724018569376
0.007059845885139015
0.007185455626344783
0.01294659016499984
0.1306228090363812
0.03356114376241572
0.03319571360695871
0.005207914377332313
0.01271842487411428
0.008385158012778029
0.01146887513983133
0.007595200631857171
0.004293534561527974
0.02126878295797542
0.02454842240269269
0.0316013509246921
0.005852232951654132
0.004401291420161314
0.01226329779395624
0.04336887441357112
0.02569239422737343
0.005315822333591874
0.07191043996593688
0.08144127452899498
0.02793736839213453
0.5358035249048925
0.06429527583725624
0.03996764103998278
0.02593521049160481
0.0169257901790329
0.02181985530676996
0.01345146153610425
0.061673565729435
0.0104459297593871
0.02844838088469191
0.7001883780521592
0.0242818571395944
0.009027836865452903
0.008473460094539623
0.005730685875576192
0.004618117000405464
0.00831046750920604
0.004617074632062216
0.02665789918902831
0.02660778254865107
0.0271220844008712
0.007715363153953016
0.00707783896859971
0.06012205685568796
0.0221105044641361
0.005632057201329079
0.01327274943347223
0.005407327267034821
0.006214692129379347
0.005275860716153704
0.008713360848511171
0.004768333294832141
0.005390943842828705
0.01873841163096013
0.006839486813026634
0.008756805558699702
0.004440076118268816
0.00653426446024218
0.01049776725120624
0.004363141577170697
0.005420284405180281
0.009967297784016914
0.0118497096254761
0.00410138576330814
0.01183686054152229
0.02280368940345449
0.01794162297406321
0.004904650388059024
0.006734214977041094
0.07113646432719078
0.09371373375953049
0.01301307974374061
0.004676120189403694
0.01285758772899108
0.04943552735998315
0.03140125364269134
0.009511855305516202
0.008003718889914135
0.04232379145999089
0.07468370854323442
0.01375003454005246
0.02513768249267195
0.06605554154472075
0.00981438331503464
0.01217488163500003
0.01886273748786631
0.01069128356110068
0.01151781021716008
0.02635620021982875
0.005357142736961334
0.02502687044946125
0.019520743886393
0.01309072109091753
0.01318450637518454
0.01658883450230589
0.004438755546576158
0.01065411939779319
0.004463671889370842
0.01607652531165315
0.004201962621300216
0.01479285661900285
0.009886305902359857
0.008917030342297023
0.01120308193283876
0.01119785757513045
0.01376978473334783
0.1272873076241646
0.009448004020197739
0.009387214438204622
0.01199601912290274
0.02323890067815142
0.02098029411109409
0.007333086147144816
0.01114361084201479
0.006630737290930352
0.0118287979770866
0.007038919292118917
0.009721124344842302
0.01785820078546838
0.00950951811810731
0.01397860391841528
0.01998978068527115
0.02386584510671143
0.03367116991398766
0.03792111830849197
0.02801835462408225
0.004181752152314915
0.0073285623181364
0.04678791150035404
0.2135243632533253
0.01919469315193655
0.006324846501677131
0.005538740475343791
0.1457302337978879
0.0108941430679731
0.03977893417930405
0.03276131647034353
0.02989266024115831
0.06611782782459456
0.009980287312797067
0.0117032728273464
0.06107416078181744
0.05388371370377179
0.01056643828602045
0.03392892477882311
0.0232733713446425
0.004851381423306122
0.0312964841949697
0.006929889615311855
0.007127113405351336
0.01112332862649696
0.005676485065618617
0.004214382983605941
0.008980342625135617
0.00717568538668716
0.01706775888757358
0.03233360823137311
0.01071711976700595
0.02393932687739801
0.04059305000496087
0.05880131352262859
0.2570150687767387
0.0623134749208812
0.005314120726006203
0.008974658752440233
0.02503984305334195
0.06928839319558422
0.2022104688498707
0.06243758294411038
0.01160859939306406
0.02219687990709162
0.1400035768744453
0.02009758008656204
0.01301309760268323
0.01195915211946099
0.004972656073771816
0.008498307849837555
0.01280179169093837
0.02451944175915763
0.1097730703296587
0.01197221728472832
0.00691178126021387
0.01498928567570844
0.006233333460242954
0.00450774689749261
0.007133586332182165
0.00432875957207592
0.004038975205286225
0.1187923422799367
0.1339980517980369
0.009840649535641323
0.008922154285882059
0.1153953823267829
0.05865281505276009
0.0283620516921798
0.004012755935134616
0.01273027232440205
0.01363529455309016
0.005540055552626647
0.03045335188466112
0.02458502562637568
0.06052822122258336
0.004098422489251286
0.005569484992017019
0.00743192381066311
0.01768022611769175
0.02701113314185244
0.2955971279927528
0.184193008564367
0.006161664203048676
0.004326089508627807
0.01870944715856103
0.003708491068820533
0.005477916686550424
0.009283222487715934
0.02094964816467301
0.01792509718974988
0.03166413287786445
0.01514585081819124
0.006653379492629013
0.01046070093498845
0.006623772191702628
0.006278054330231809
0.004544876228215474
0.02240592316338324
0.005138803965281989
0.01275209517672816
0.0178333584944291
0.009295138040170214
0.04879063360460963
0.06562025688190544
0.05358063202339157
0.008293267435444047
0.006578734976641552
0.01074834684896601
0.006631194172378647
0.009975662825281556
0.08738791122726923
0.03435110758106473
0.03046056683202061
0.1435504002242411
0.02993962548099039
0.003984257181695984
0.0723725786729391
0.1067086522912551
0.02119047527024487
0.007911593717845104
0.02627265244017454
0.02048520879325239
0.004106510235271519
0.1496474375379769
0.004514537614011119
0.006116463271951571
0.01136469549949874
0.01449080561927828
0.02651676753441777
0.007807351034904479
0.006502627791083944
0.01764017499021287
0.009477583800127589
0.003612212688247225
0.004639338926327298
0.005478478077627883
0.003842104906114463
0.004170884654022162
0.009654716903296829
0.008816019260628022
0.005522114022325128
0.00438282898007734
0.01492143541316404
0.005376179897111015
0.005354366239830126
0.004615420416185245
0.004401343947683345
0.03166867250655472
0.07840678309619295
0.03661018561762607
0.00390863311766181
0.007055745274624118
0.009495809149349247
0.09173737959515715
0.01452813353798237
0.004222974354749417
0.03783386366900802
0.05741094847878623
0.0203666839875605
0.08558963054363476
0.02700492527782142
0.01679271713530685
0.1327175288737103
0.03664709574867293
0.01535330043842361
0.02607295643895505
0.006484770526087471
0.07796308476814517
0.09989105386328466
0.02475051358242859
0.1102665951652034
0.03296393002793238
0.01088355003649552
0.03266146312003582
0.004476479350478443
0.004707846538675768
0.02000110485695676
0.06249103529591242
0.01083586477055372
0.01208174662674958
0.0119172807020619
0.008380204321096726
0.0166745180143289
0.003781101929207653
0.004125368846125414
0.006300572915532203
0.01806560859845036
0.01571333068758719
0.0562474912748475
0.06688487766057477
0.03254626283652697
0.03361923909512447
0.03316516548165186
0.02325935216854468
0.02245348764278468
0.03137569910338153
0.01279785316604878
0.008363308286751185
0.005026825214514528
0.005630968014437901
0.03400975607314273
0.00602076019684894
0.006032405113625804
0.01346795767032024
0.003738341117910984
0.003844490416666865
0.004649481194277288
0.01020071394583167
0.03873099527126014
0.01519085042166176
0.004842618453077663
0.01178348040898281
0.009854941242112485
0.01267307733110441
0.01644728069214449
0.005839986648020104
0.0145640690435566
0.004774251288101092
0.005227622314593694
0.004651347318038122
0.01599925110189873
0.03878686648990375
0.02595930185416528
0.03133499512815666
0.10187051557583
0.1068910269345408
0.0225046259966657
0.06982234694154886
0.1362629102910692
0.006343843598426031
0.008585429959270039
0.005390891649751803
0.004935226391029356
0.005333032460391405
0.007696402974563711
0.01325138697770848
0.01369258168086919
0.007055397874369058
1.383669562031627
0.02859598874540104
0.04766795272572515
0.9370259954795626
0.1582174237845783
0.01368135042351475
0.1064809776987132
0.0126687062330836
0.2646123046923833
0.02250417198878441
0.02295692868848625
0.0854827542810426
0.1335469226224015
0.02693045359757113
0.1304002735813277
0.03415109365325837
0.01679081132946261
0.04587125165908549
0.03675007755216161
0.0223305457994253
0.01417432757278538
0.01398810912090026
0.03678354412663395
0.03792215712429882
0.02209038662914749
0.05288705487836284
0.04146031471258251
0.03535492239117161
0.02520022613589011
0.02330029534912583
0.0190675301696816
0.02704367467374207
0.01333122391321571
0.04579344720974854
0.1200071514573618
0.01180477501957683
0.01346272704593919
0.01244096056057115
0.03102949754319388
0.03362086978046964
0.03476950062449614
0.04280877567906336
0.02222917292981117
0.01196168491803959
0.01367359823153627
0.01799312647521802
0.04668784219005469
0.05061608548428933
0.02690686298564481
0.1009008965437902
0.04214120357235537
0.05518013708858647
0.02474456900947869
0.02001848090686888
0.02274888713442703
0.02003932253978783
0.0125840841266889
0.01847380704816474
0.01457081047544475
0.01377330098390031
0.0145204744728932
0.01573689137011916
0.01867341464639771
0.04073469054353299
0.01287362399212705
0.02203770066456702
0.03083137332812241
0.0548504849971615
0.07777740906977426
0.1325465260075013
0.0111047430235146
0.01161182593715354
0.01308190652798064
0.02498659071502445
0.04052651864464599
0.07801752377874697
0.0560131407260566
0.01288838868709427
0.05185052189733478
0.04759589751352689
0.03434924381071482
0.01398489016351351
0.01858365577511475
0.03286191228346828
0.03656945825911984
0.03491842175770417
0.01073505490804683
0.01238095924668624
0.01544017486274788
0.02684950913106367
0.01047874220564873
0.1237419824198299
0.03189262277634855
0.08573554681284506
0.02268832075492464
0.01381964653949243
0.1148061904689912
0.02766144677229229
0.03373563409430985
0.0168452335646891
0.01199795895098495
0.06341495004252182
0.01844280154900351
0.01660034643287835
0.01164679066725365
0.01738016338229555
0.01794707404979254
0.01261644903426655
0.0123092735918556
0.01531556499658156
0.01575891696965841
0.01805050794944217
0.01266042043104046
0.08009674353287938
0.07238449085411386
0.0348579894175091
0.01641540769247049
0.01294432970186517
0.03929900490662309
0.05256385045369395
0.04009804846745176
0.009532785550791232
0.2263536523108413
0.08778487666358245
0.1673929395099212
0.01659571347087927
0.1729776694209703
0.02925750854711726
0.08222286379435292
0.04778835716585203
0.05024617366360658
0.03466010596294897
0.05075183926910209
0.01193798533557005
0.04536073188037364
0.04149565056350869
0.02869883760014676
0.1314847794887769
0.02902498453874876
0.02092426467559801
0.01327397120422331
0.01186901289198078
0.01369519090545259
0.02328127739318545
0.03863422938567097
0.02065782304731509
0.01250869032174786
0.0182776127871917
0.01288020267794143
0.01198801024283052
0.01435631757482349
0.01613710360696056
0.07614832150727625
0.04539921760002643
0.01494620841635882
0.009657795481986694
0.01140008300454241
0.1858826330946802
0.123461097200897
0.2289895787559639
0.01112074514223778
0.1470250337505139
0.123883759332323
0.01351050004371561
0.05325590178648524
0.4578918907262822
1.460124297843263
2.5
2.5
2.0834432677336
1.705190723987079
2.197179439850502
1.917824378967313
2.043484211506073
2.249658570516829
1.6109412738104
1.308841855345645
1.564096957785085
1.755038503046752
1.010523593231134
1.008681946322487
1.113068489432093
0.9656288693317299
0.8339884008390974
0.912105648521906
1.120831671521067
0.6448156825547129
0.8458261277750847
0.6800497958080048
0.6166783192555594
0.5657946457201615
0.465187814369788
0.4995508386253532
0.6057021638199791
0.5480284329224965
0.7109076166698585
0.4474194496495761
0.4548703930005527
0.4900269046849294
0.3827104182279681
0.9257671728312744
0.4420867369485485
0.3690271472043771
0.398337322552434
0.7966753659798285
0.39738205427535
0.3650772446404651
0.305550650003109
0.5777894386629915
0.2625991616539119
0.2756211336456161
0.2502808935919439
0.2481628529716998
0.2409579595538208
0.3633568631736556
0.5451361229875035
0.2541992594838778
0.4510413425177485
0.336720176850193
0.6536036966906804
0.2802566582585645
0.5007634573772497
0.2567848178173003
0.2067081746067976
0.564343876920501
0.3860919015849869
0.3810164549192389
0.3079017105864755
0.2023806396673851
0.436743306738385
0.1882078631803646
0.3069169678904323
0.3457611572322952
0.2851089099653711
0.586174711102238
0.3741430413764046
0.7574719897258571
0.1804645127016712
0.1725258082309222
0.1775935085058765
0.1729168403289239
0.1653763612175799
0.1467691677227122
0.1572174868511023
0.1965250717641013
0.240343838461346
0.3594715409376436
0.3209212521549102
0.1581717546641773
0.6973139349509718
0.2039393765586251
0.3170153782136931
0.3544835347969882
0.1490659175543703
0.1557175263805617
0.3203091901758346
0.250802573542382
0.1544317162714989
0.1539172021308789
0.3999950272656369
0.3530053932639654
0.1690217172619134
0.1626321246301914
0.187931438873327
0.2825923729028828
0.1572548505735606
0.1415588954055354
0.122598781833757
0.2280743459287725
0.1508923288163564
0.206436705310219
0.171952725945974
0.1278921798566215
0.1223054157022041
0.1264596016662676
0.1119313425438881
0.2806635188065477
0.3652518991841289
0.1495251685036216
0.3101565441870973
0.615254069509013
0.176826834198157
0.4889265295075559
0.1032247508947341
0.3814708156531094
0.488761413855098
0.1858150697824815
0.2822113326064263
0.1535609931911541
0.1608772401413995
0.1084256180078832
0.1632957452751181
0.1595246009010298
0.101095252311378
0.1424220863391721
0.1058829448690151
0.09863327498178094
0.1208751249095632
0.09191009651224932
0.08521047060535508
0.08955768346258323
0.0879453793006684
0.08623654064995959
0.1683995425487169
0.1835313814656102
0.08917987052421333
0.2823424843180916
0.1035725349458676
0.3791470967343457
0.2759579648472453
0.2645932991718121
0.3987787176334451
0.5511237453260761
0.4066142793707802
0.09402533796436754
0.4293785491415759
0.4613008633593656
0.07287089702250453
0.2006436462240549
0.1128432612268619
0.08735169212123983
0.1808472531513539
0.3133632463676942
0.1788516931806429
0.0690056056837865
0.1693141339502134
0.186089649630351
0.07459123225243326
0.07818615572709735
0.1155754751352248
0.2043878022851351
0.2418358676049014
0.1981455953112808
0.09748567193159434
0.07719976464884475
0.1108568727953227
0.1263649633692792
0.265575607339436
0.07193747881212835
0.07400372459761224
0.0942973490731924
0.07542685335140614
0.1394601789798807
0.07146024755399623
0.1548146434132538
0.0654451390348684
0.1923513736403518
0.07837012389038361
0.112504455992359
0.1697807445091037
0.05725218601505647
0.1802440656127416
0.07401811326409563
0.1102691642204216
0.1311248676659672
0.1461194120137493
0.1840169406303334
0.06135239659069849
0.250841123129701
0.562348493698683
0.4773974080760834
0.8510338662570306
0.1395115956094168
0.09297285878249725
0.2213060608343828
0.09227138039456871
0.1275414649062821
0.08835995276021485
0.1201085616610264
0.223371480689405
0.1200352860930811
0.1694548556905012
0.07774200996341327
0.07387569318977634
0.1405303908249727
0.106167080164033
0.07788596160047184
0.1708556088578567
0.1416080965236394
0.05076843980161504
0.165999791022209
1.048078750361045
0.0950892158941552
0.07593382328525672
0.3251378341636026
0.6207852138025783
0.05015252678385547
0.05782430660752881
0.05586755818886195
0.0731895050483133
0.06032752768768157
0.09488829419656797
0.165647613720196
0.07078521420295808
0.06819998246748024
0.1645080879845757
0.1335637381447517
0.06594700360843016
0.07857059003431119
0.07828451135365755
0.07190387311359044
0.1543534376755925
0.04886995801356999
0.04676133850976032
0.1218477651971594
0.08531371729128417
0.05659910062298511
0.1250106814051404
0.1211413835204925
0.06634648005869989
0.1413549198700706
0.1058810399284757
0.0605447009937497
0.082773838720315
0.6516454441837126
0.2002530357299137
0.04953452377375099
0.1366256950747828
0.08425761153156733
0.05115476986648498
0.04651718793308805
0.09709068002219753
0.07116266744470508
0.05852237791133654
0.06566505105952555
0.04576543747026199
0.1289611836323473
0.05468066411876926
0.08982764584567771
0.1781292669471896
0.06925221128667987
0.1312354472837426
0.5238635404313747
0.2499493503662759
0.2576026925681467
0.3149428269124642
0.2803755408172208
0.04110975479049313
0.1213427072658227
0.09322049115149311
0.04445367076480812
0.1293243492231237
0.05377698844695113
0.0713590896718925
0.04469369759570984
0.1027963356843132
0.05537879007019249
0.04073735396265814
0.04681296621315613
0.05770661788626723
0.2221898525983898
0.130561122331223
0.07857567300115001
0.036409207063942
0.06850070834015654
0.1020424851313337
0.03986396613029673
0.04351643202834009
0.0860095801204582
0.07939350340934428
0.2324100879823879
0.04366629536028995
0.04993989598158072
0.0864688955212853
0.04141490104843591
0.130211946439551
0.03716262162051321
0.08674489774381658
0.09308175376957831
0.07927171688566569
0.03748932098464548
0.05010229527619547
0.04467374391963121
0.04781008094070383
0.1017737121735778
1.164318100291132
0.0748526525770504
0.04954356414162329
0.03995269380536682
0.03994958174903569
0.04751712534619307
0.1150915895722115
0.0437900951140915
0.03495695375337849
0.09748765372523581
0.05742003675684225
0.06071067761409472
0.1527173199306484
0.05587782451377628
1.087573962158825
0.06408202398643237
0.1590725838394815
0.07120623521527206
0.1058754174528396
0.05997158197890382
0.05733322184087064
0.06490488876003665
0.04197118746610279
0.09100834901692716
0.06204701445018909
0.07755695163069642
0.06961923161365778
0.2742593174948349
0.03638019032245866
0.07469371423209026
0.09856461132954526
0.03377054509452657
0.02967171345790764
0.04066021295139453
0.0608891357663894
0.03059765703330658
0.04215294363548103
0.03914625504260313
0.05041702681929842
0.03734113716965445
0.08768378012794488
0.8213371629912929
0.07295013277568044
0.1114716480558894
0.1221718919715956
0.08105784559073613
0.06105269028698145
0.1780745108919571
0.05765183631168221
0.06101198934075733
0.1578353146366553
0.03536657815970484
0.3230848538317382
0.1614017803724628
0.05884162244270548
0.5064534168225
0.1203135502054174
0.06802187843259583
0.3391810580456634
0.03833598638377642
0.1747364346862744
0.0711034521683436
0.1013539673818664
0.09470680421922553
0.06140641683529771
0.07148592260625056
0.05418863423125041
0.04803910359694463
0.06921078958311846
0.04664217911048747
0.04114377886797946
0.0503357648374763
0.06331189939737121
0.03191040079978911
0.1124636176482276
0.06049787458214942
0.04436588632401873
0.06149678504466727
0.0431124802494913
0.03806880117185426
0.1058411003169929
0.1574941977916407
0.05952838072485926
0.03923653567227205
0.1348506871492896
0.1454767017538903
0.04110049306219059
0.02890333040528632
0.02953558517556667
0.07075529663422457
0.04952746769315079
0.0606615531702117
0.1497876883485648
0.3650419103296801
0.02684088954834707
0.3983833497556821
0.1716231596193385
0.02923281229013811
0.5921632305554323
0.1027919140363496
0.09575905275251803
0.6261167663489733
0.06537225711890886
0.1329327822296947
0.1209861449022373
0.04315081617840482
0.05101659840760862
0.03618553962135941
0.02753733321159041
0.02488013193201416
0.03283971395982529
0.05548023286254763
0.02603474274086375
0.0318462605121836
0.04466251446554972
0.02874623191031576
0.03672973954371581
0.03859941763539423
0.03922447434646834
0.04963382789856462
0.03426397700357243
0.07989633745685108
0.02543465465219159
0.04431769524061446
0.06024638423303404
0.04157670463310036
0.02549250834033026
0.05972926857570578
0.07149443410779178
0.3115792468364
0.1228532318493326
0.0286928644983429
0.05768062836468058
0.05418842542162433
0.04662847410147693
0.03455372851954058
0.06592326033803605
0.06743141800136018
0.05804135016022673
0.07984763181749147
0.0366655057420327
0.04641872536388065
0.08987695931454359
0.06884054639997084
0.02486297521859451
0.03268063756815129
0.05010323861474381
0.025758788589651
0.03635647062711958
0.06499483234601372
0.02485925446756368
0.106411758759668
0.05642610140050585
0.06558461738786879
0.06037017757708775
0.04700904103797845
0.06160612149024999
0.1342836435355844
0.03297057330431723
0.08246835064185916
0.09357828290002657
0.02305968736151024
0.09868013199120625
0.0311152622544407
0.02373742886782483
0.03314745980908385
0.04949972188688859
0.08180366816095595
0.0239744336433482
0.7869107086387608
0.06768379654813765
0.07453937550181562
0.1363690097764458
0.02178876037014115
0.05619123427889029
0.03312779731008416
0.159513444938094
0.03716994174503357
0.02394135650755084
0.04948058041923006
0.1036166798719838
0.02008502508679925
0.03894015454063988
0.05597885239379395
0.03205246742922821
0.05278299531224253
0.02583451927138855
0.04165208088101786
0.2435882550820088
0.1274130048733619
0.2058876129954221
0.06190173171325617
0.02578729150131683
0.1172675427680267
0.03911852636862515
0.0220171542107727
0.03709627825702343
0.2285910706061745
0.02051691055743217
0.1527782927822995
0.1046409571405701
0.1155597059651019
0.2025592014781145
0.3752324638428784
0.1499857062598591
0.022381329752029
0.1973280298631006
0.2623378499589227
0.02158469528953054
0.04931921437166609
0.04176987793514032
0.02588104059763277
0.03146734780903573
0.04726700544905615
0.05084906023489809
0.03576017505298343
0.02466664135009785
0.04322326867968865
0.3089633736447639
0.1070293272907005
0.02107823411149217
0.07643879310672588
0.09105884947549923
0.0709342435426622
0.1231097160857479
0.05562470979042615
0.03654757480500988
0.9393387120860377
0.02525309779119276
0.03790282970623898
0.08935624305054171
0.08770959640587524
0.2158888677432058
0.04935010919599384
0.1824426098083723
0.02356911151676717
0.02991245817989867
0.0273581459027104
0.02021377499472109
0.03442263667555524
0.03275363178148046
0.02142614709004925
0.01985785899985179
0.01941993359933908
0.03170285470300933
0.2140597330276403
0.02538492290688422
0.03085280159129587
0.04226478628853617
0.06483041845769717
0.03668840494248841
0.1099509069075343
0.03019185431373006
0.02257309315425082
0.1947780675361159
0.0359312152006257
0.04641974367457997
0.04945483773558362
0.2154320591349218
0.02706254622366588
0.1647650261861568
0.02106662518144262
0.01941951394870963
0.05932687966849191
0.07792416513643624
0.02530308563198093
0.0546196578829631
0.0392833620870008
0.121975831406214
0.01949123310048124
0.0437667240307472
0.1857199716749581
0.02253329960337965
0.1355046591561777
0.03870271579321515
0.03369354905632687
0.167828622427853
0.08008184326724259
0.04539377611013994
0.3988252259313789
0.01584441114830406
0.1563588021692007
0.03465048705872441
0.2027571494810314
0.01716352774769957
0.08642382171591204
0.1405527479920593
0.02942351210389406
0.2011317720230972
0.1380748035178634
0.03051905228449123
0.4404648043757984
0.02502589986257599
0.02937062879239277
0.1220763543861
0.04198105561247463
0.05725368932653991
0.09568585372847158
0.02559011935537418
0.2113828628970078
0.03606017759050697
0.1389844235188232
0.01773508927632798
0.1369089772831339
0.05123004224833233
0.02228748239217872
0.08838697451732976
0.09400394428120085
0.02790698908919211
0.07412339847052109
0.01965477802599513
0.1771147778419002
0.01963253834712565
0.02210936196022182
0.02506581642390439
0.0206920323648627
0.02024830603357724
0.1442876815046904
0.05233353863333234
0.03699739478138219
0.01594233027889253
0.2427901555304839
0.01527764124607538
0.1229150763607058
0.034027550030377
0.02393952171530789
0.08703438572797401
0.05331221814727509
0.1179777156091998
0.01497915121938228
0.01530235806672532
0.03478593980981733
0.01984984234062445
0.02579355059484089
0.06115012778399705
0.03710548731341624
0.01732722291832076
0.01513147123167002
0.01442245215977029
0.03161226990701119
0.021868656134789
0.0160126105459263
0.04055577083379518
0.03642042306858401
0.05491913087655372
0.06100014707598861
0.01351440998128877
0.2647619864773318
0.01667386782769352
0.05803061158526358
0.07937820017679206
0.04933980846873049
0.015891161019169
0.9910525107110275
0.04447266972077091
0.04577080603433614
0.4586956649860301
0.02843435795282474
0.04431487038417466
0.09626651292187088
0.01592193731113353
0.01485767372746442
0.01425249723011676
0.0271141611724336
0.1140687971283247
0.06984130231069877
0.02113751813742332
0.01974303087532283
0.06649664180212271
0.01921274150411614
0.01295314540602569
0.02082183473637822
0.03419960980805215
0.05111753621605367
0.911457136964829
0.0179104322200104
0.1140923617080113
0.03193895537758974
0.01337245072440198
0.02564935264000165
0.01960786704376774
0.03306501838035862
0.01649274918292135
0.0321656602956569
0.07342082862201918
0.055335941584755
0.04868794602598202
0.02361991527715757
0.02926110086240673
0.03984221814251189
0.0551260837122347
0.06932776049883362
0.123956008285641
0.01292117043867187
0.02262672231335746
0.04227082463781159
0.06171942413865785
0.09163784284988907
0.05592833215588679
0.01439791647729318
0.01253047863306981
0.02723469079900632
0.01758696864178252
0.01422465397334313
0.05967302823472682
0.06733610143856399
0.01348393040098806
0.07427623971216704
0.275013913785981
0.2081893940928649
0.01365365293028586
0.02642666794908365
0.05218769317941221
0.0256082121906371
0.01593853194489734
0.02954795703855532
0.02933316020349566
0.06310365539844669
0.08124916098075124
0.08342256493586017
0.01885438308767391
0.02259743296010721
0.02172231545690124
0.0406162155723479
0.05184893509297506
0.06431823362706007
0.01438082420932723
0.01178989838261439
0.01707028483192676
0.04104818873158674
0.1478012253583501
0.02078745370539693
0.02556389086082803
0.02873080447036072
0.01289181859808568
0.02169012320867098
0.03961250260348566
0.07256248565689853
0.01365987830426607
0.0958538719856353
0.02516364772779962
0.06487656033664815
0.05363485871541489
0.01290191866246819
0.1609288852187541
0.03798756960768468
0.0148308301401656
0.01280432077842023
0.01486754955455069
0.03407816573181166
0.01365887483789256
0.0439186783321926
0.07866366774352559
0.06461068953392424
0.04214486618643512
0.02556436335319358
0.02091671922944535
0.01521044970807855
0.03834442659207716
0.03121047098008173
0.01243391073112444
0.02362883993546744
0.03233020177783931
0.01227017423995608
0.05694926801532714
0.02378950787989253
0.02565046515308447
0.01850484076322088
0.01201799991619463
0.02861866988614288
0.0322771335804884
0.01247829519283322
0.0286574133153848
0.04344250667774497
0.01937338991515647
0.01849657561841065
0.3053861418083433
0.01900053265182382
0.2036574349730089
0.01612419734886048
0.01110174818238074
0.0177497828407389
0.01277403555492496
0.06447020609367271
0.0946201210920025
0.04621697804916311
0.1158258807165261
0.03346107282700665
0.05210323864529028
0.08070594220705012
0.01415412552661459
0.06937813058266193
0.0643566285491666
0.01581866025157927
0.0127019129788905
0.03415821618173726
0.01742199487545466
0.01462726034746721
0.03164015947247129
0.02283240361748742
0.01530563992057811
0.02041920386481725
0.04947744527664757
0.1745071821401122
0.02836659842207118
0.01507017160385011
0.02708689147791908
0.032854890899753
0.03294730978997168
0.01921371943622558
0.01059100684392286
0.03000346263269998
0.03551132256620476
0.02841603849553889
0.01108613657116759
0.03221519098727498
0.1382763166893282
0.06393078319684911
0.02059043239441194
0.01648902365725234
0.01137196042986591
0.0194769970391694
0.01811549251714899
0.0115325156000078
0.01056315629061176
0.01166792050558125
0.04581558657738075
0.02536522006523682
0.021890857305866
0.1208069968958412
0.1398573315830943
0.02518893074613419
0.02160607889099944
0.05515503676216032
0.01305015195764992
0.04129499704371298
0.07423903606145069
0.01318874964133048
0.06415423378934455
0.02391129908835666
0.01683210342158354
0.07926769172160937
0.128654917349459
0.01348299873373792
0.02941302558910034
0.1052563738697329
0.05526165646720032
0.01259329214962097
0.01811738111277724
0.1041970414872909
0.01528099173455935
0.05454450414686552
0.09274603174458823
0.03354232099458215
0.02727827414678156
0.009736749177055175
0.04551642511572006
0.02354079310598504
0.009348314604365773
0.01259601680005743
0.01329430271290775
0.01938260249034351
0.01958809531083213
0.01023381075902453
0.01898477383863353
0.04599053568993979
0.009369570274962142
0.06818032351204303
0.0469432433222413
0.04893469538703282
0.0559574346401065
0.01804824165304243
0.03023261377112023
0.02553571767952475
0.01301670189332443
0.03298230463085848
0.01458998544156083
0.0273978139051081
0.01565282826904938
0.04840075109165164
0.05040093242624503
0.01496052700373328
0.01402368171497703
0.02451731762145924
0.05179335236989247
0.05685550423165923
0.08997926478215093
0.01562855169064729
0.02170087407252087
0.01171241520215954
0.0209595452546157
0.03674742597272124
0.03874168043214073
0.01509987844772105
0.009624830381028918
0.009100750575248361
0.009694779064345247
0.0130770905287659
0.03118583941996209
0.07344650998090665
0.07047931097376632
0.00966069297320927
0.02309221607847215
0.07879545484855763
0.043924545225115
0.05261165143937716
0.02220762855528931
0.02195170459772399
0.0174285248239992
0.01047123220104285
0.01301972681562159
0.01616591072961173
0.009340971006413025
0.1233112594620941
0.04997457563615414
0.027507845592765
0.0144888168825922
0.01083651387229022
0.2063875616574465
0.01348606268823839
0.2542528982109818
0.4212136750628819
0.04294382142631754
0.05614333598822023
0.3740797978738957
0.08835395957899764
0.06735217529469334
0.07152139938232339
0.03640810617967367
0.02020202406359182
0.05501594358616343
0.04697529487493614
0.08065847199361099
0.09695972827897326
0.009415287237791807
0.009563061041719367
0.04375092790676884
0.1377479587350616
0.01019556349479838
0.308748549643973
0.01151650222279155
0.2107278377265277
0.0196946669109871
0.09683124494400695
0.1561169944847843
0.02890959430128469
0.02566467033999306
0.1013955015801111
0.01397358761169056
0.1682390466630151
0.01989739731528259
0.170210425741529
0.02818515299392864
0.08657208192300464
0.05646874172818518
0.2959360197398724
0.1845166187254595
0.01973364625673367
0.0427695838482567
0.08904874299772007
0.02256829164864197
0.01598326382046798
0.03488809292342993
0.03459026100407213
0.0305536941523028
0.2322980371774701
0.01877820882518782
0.05158718977570569
0.5152477121206642
0.1108362289698005
0.03704696419736299
0.1121482201781865
0.01199410578346548
0.277434631577485
0.2454562140035295
0.05877564721507633
0.01957654711600731
0.0442978337210185
0.07084176704602149
0.01137467234531682
0.03821774945294033
0.07143807695757329
0.008203482898740892
0.01893519206418024
0.02361834365979103
0.02414165917250764
0.01545597454002031
0.01039896369441596
0.01889313306934959
0.01040544780278405
0.04616805966183263
0.2037646623239054
0.01181929716427175
0.2145617727977074
0.01673187469065492
0.07170724655262239
0.1922011573533342
0.0393573755878777
0.04386152482164946
0.03013998952568118
0.01079481317130045
0.02007090660010466
0.07013418733318595
0.06605471657295356
0.09972056555620488
0.09289847617121648
0.1583884978561377
0.008644939093610225
0.02657299215623537
0.1148680293523879
0.02798108336101057
0.07546788714575427
0.2084782854790619
0.0752091998070054
0.007914354692942466
0.01771188648742987
0.02900459334805417
0.008447028457512436
0.01840133131306753
0.0135881354664918
0.01192208216270716
0.02922448400974777
0.01252294449929667
0.01215929434296724
0.1132993158218427
0.03274574900336082
0.01379341890142022
0.04639306362688476
0.008321451765179592
0.03922690756950352
0.02454449206356941
0.008863571401355049
0.01049655501672733
0.01002557123901173
0.03204472762041791
0.01655625673505744
0.03663781718645055
0.01201772403248943
0.01386259643122367
0.02077552173246765
0.009591178263853563
0.02180694743744614
0.008872095978413376
0.01066817195218336
0.08735062571756574
0.04575358007309356
0.02380736028120152
0.169474182871318
0.03704153650605725
0.02977810386075472
0.3687178009919465
0.0230655200697123
0.1423864227347905
0.05758659971529276
0.02416530540307519
0.04575528912476438
0.0920032597132492
0.01344994263423081
0.01363562458795056
0.03330459946524287
0.03069108737701571
0.0110642628106234
0.02419475748131908
0.0486571117484612
0.03740082917212102
0.06818294853532871
0.0182076926081291
0.02619582204954537
0.01536002176108693
0.008224646326262445
0.01702995802783132
0.02190376906818906
0.007892281922477205
0.0198244753027033
0.04123903772097786
0.01743219302736732
0.01016899800936634
0.01449173024972321
0.01561012690867894
0.00796303672614425
0.007426032053467171
0.03053138148781144
0.07885505324095014
0.01029037771528261
0.02317821603120854
0.02541873638829069
0.02147768351431786
0.01374958980076038
0.04331983991676591
0.05420367442952181
0.04949230870546929
0.02875574669960513
0.009958265338257727
0.01165446150775638
0.02591141981310967
0.007781740991828442
0.03396279489214072
0.02647573602218334
0.04355566352004313
0.04577377615835812
0.04303850229909335
0.01135057328632338
0.01177598639779653
0.03584252355002973
0.107581363648599
0.0192460527290486
0.03889326587820723
0.1385711164400496
0.0275075638873842
0.1594862328860203
0.02573777577748372
0.117734126000548
0.220604941246166
0.1939659226974877
0.007865239806404278
0.01408931040874228
0.03727720018596206
0.04481880816607592
0.01310610037545496
0.04930234509101122
0.01151018430403494
0.009907040392341929
0.04531412844127586
0.06803858920998296
0.008774777880692175
0.04157141869637974
0.009572313954225489
0.02348273040102272
0.03343145880759991
0.01573891530531962
0.008845415239778016
0.006964958706498024
0.009580630716979262
0.008494719106640312
0.008449751291782128
0.03973555411543323
0.02018022832722898
0.01246677146827107
0.009755640092209051
0.01004041916169636
0.007889559319831489
0.02559710193926857
0.02705306410967133
