3.075579166412353516e+00
3.563737869262695312e-02
4.623126983642578125e-02
4.947876930236816406e-02
5.714797973632812500e-02
6.482386589050292969e-02
7.404518127441406250e-02
8.780431747436523438e-02
8.852958679199218750e-02
9.429311752319335938e-02
1.009497642517089844e-01
1.130681037902832031e-01
1.236803531646728516e-01
1.516654491424560547e-01
1.492524147033691406e-01
1.466844081878662109e-01
1.624548435211181641e-01
1.651663780212402344e-01
1.779344081878662109e-01
1.801283359527587891e-01
2.100994586944580078e-01
2.081482410430908203e-01
2.674236297607421875e-01
2.289702892303466797e-01
2.527332305908203125e-01
2.651481628417968750e-01
3.345303535461425781e-01
2.798817157745361328e-01
3.408408164978027344e-01
3.499307632446289062e-01
3.382682800292968750e-01
3.503997325897216797e-01
3.602285385131835938e-01
3.784892559051513672e-01
3.794274330139160156e-01
4.050259590148925781e-01
4.284420013427734375e-01
4.436571598052978516e-01
4.510467052459716797e-01
4.889638423919677734e-01
